3321C_2010_318_01_0001_RGB   49136.934330  -3710159.493790   5584.930320     -1.258743      0.402587    179.856214
3321C_2010_318_01_0002_RGB   47603.447750  -3710136.029130   5585.784520     -0.015888      0.490506    179.822544
3321C_2010_318_01_0003_RGB   46065.430050  -3710114.842100   5584.777040     -0.002515      0.575526    179.754280
3321C_2010_318_01_0004_RGB   44530.763420  -3710102.620970   5584.728840      0.020693      0.474380   -179.733732
3321C_2010_318_01_0005_RGB   42997.676240  -3710080.456210   5583.835190     -0.131183      0.338669    179.676758
3321D_2010_319_01_0029_RGB   53611.941840  -3709551.451390   5481.658810      0.241099      0.949315   -179.058322
3321D_2010_319_01_0030_RGB   52077.211370  -3709556.470590   5483.559180     -1.260755      1.265084    179.780199
3321D_2010_319_01_0031_RGB   50538.879320  -3709529.552880   5482.499860     -0.414787      0.685622    179.276667
3321D_2010_319_01_0032_RGB   49004.165840  -3709498.382440   5483.075540      0.544779      0.105912    179.866996
3321D_2010_319_01_0033_RGB   47467.793070  -3709479.499460   5483.759890     -1.098794      0.117429    178.936721


084 145 - 3

id, copy of id
proof of residential address
