MAPUNITS=LONG/LAT    D000
house-swcnr-90b    18722.765000000     7741.025000000       24.441599512      -33.649043783      180.570000000 
smitskraal-table-50    10690.000000000    11056.900000000       24.384518037      -33.667038362      166.030000000 
elandsvlak-roadjunction-50    13617.254000000     8896.957000000       24.405046844      -33.654817132      268.280000000 
smitskraal-rock-60    13249.458690312     8943.720986776       24.402509564      -33.655060206      233.170000000 
smitskraal-bridge-90     8307.696775568    10320.377655443       24.367608112      -33.662347760      171.220000000 
cattlegrid-swcnr-60    18162.884374137     8168.412306769       24.437625457      -33.651445116      171.860000000 
house-swcnr-90    18722.765000000     7741.154000000       24.441596871      -33.649046916      181.410000000 
doodsklip-braai2-60    17502.900000000     9423.871000000       24.433018584      -33.658695170      150.730000000 
hut-swcnr-90    14730.299000000     8777.500000000       24.413062730      -33.654358772      225.640000000 
braai-rh5-50    14365.125822737    10475.568394553       24.410651884      -33.664318711      157.510000000 
concrete-plinth-70    15618.125000000     8728.544000000       24.419480620      -33.654269001      186.510000000 
doodsklip-braai1-60    17378.361000000     9410.003000000       24.432087498      -33.658576446      152.840000000 
bergplaas-sign-80    24883.520000000     5090.363000000       24.484299519      -33.634056268      649.750000000 
smitskraal-roadjunction-70    10578.177000000    11058.404000000       24.383741889      -33.667047961      165.810000000 
grasnek-bridgewall-25     1264.512000000     6085.399000000       24.317698056      -33.636251253      226.350000000 
smitskraal-braai1-70    10601.588000000    11076.336000000       24.383899261      -33.667182706      166.020000000 
concrete-drain-50    12389.777102202     9807.654802086       24.396600442      -33.660053437      165.280000000 
housefoundation-90     1248.329306067     6892.313560907       24.317567920      -33.640951427      240.250000000 
braai-rh2-60    14205.982385891    10476.600419417       24.409537894      -33.664258950      160.280000000 
grasnek-roadjunction2-50     5855.877210552     8257.424451396       24.349642794      -33.649551313      417.230000000 
grasnek-roadjunction1-50     5553.325580213     8217.433487866       24.347480841      -33.649238130      435.210000000 
