MAPUNITS=LONG/LAT    D000
   G0001      292.278000000     2089.349000000       24.317227500      -33.640940700      249.329000000 
   G0002      200.845000000     2158.547000000       24.314673800      -33.642509000      250.601000000 
   G0003      264.913000000     1927.961000000       24.316515700      -33.637142200      240.250000000 
   G0004      320.394000000     1886.412000000       24.318051300      -33.636201300      239.177000000 
   G0005      961.187180353     2022.039193038       24.336107300      -33.639827100      249.229000000 
   G0006      981.621402721     2092.270166023       24.336357600      -33.641330500      378.826000000 
   G0007      952.701239150     2364.687422086       24.335623100      -33.647743800      343.753000000 
   G0008     1094.634000000     2318.308000000       24.339442100      -33.646648200      421.293000000 
   G0010      786.335000000     2303.620000000       24.330977400      -33.646231000      319.168000000 
   G0011      765.721000000     2552.802000000       24.329683200      -33.651691500      624.137000000 
   G0012     1291.516000000     2328.710000000       24.345028400      -33.647051600      412.904000000 
   G0013     1403.002220089     2439.811362572       24.348148100      -33.649709100      422.038000000 
   G0014     1348.200946971     2474.926296224       24.346719200      -33.650566200      375.714000000 
   G0015     1542.118068789     2565.838537294       24.352401300      -33.652924900      282.770000000 
   G0016     1516.958138490     2721.052987143       24.351455000      -33.656415300      385.832000000 
   G0017     1986.956239250     2636.488463015       24.365204000      -33.654983000      190.156000000 
   G0018     2081.798788428     2703.917337773       24.367911100      -33.656626400      193.980000000 
   G0019     2016.346794754     2751.691619888       24.366051900      -33.657698400      187.083000000 
   G0020     2069.713856066     2947.799696474       24.367574100      -33.662325500      186.702000000 
   G0021     2133.957356503     3109.852785809       24.369210900      -33.666064500      267.410000000 
   G0022     2078.753385472     3129.215478560       24.367511800      -33.666413700      325.795000000 
   G0023     2672.751980935     3111.166335317       24.384709600      -33.666550500      175.380000000 
   G0024     2655.494697522     3109.414935973       24.384210500      -33.666503400      175.065000000 
   G0025     2994.742918791     3029.337065950       24.393851700      -33.664860500      165.874000000 
   G0026     3399.733172111     2592.849429352       24.405042400      -33.654807900      276.058000000 
   G0027     3598.050240168     2589.918045853       24.410802800      -33.654907200      235.291000000 
   G0028     3665.456664889     2705.571437154       24.412722600      -33.657654800      237.135000000 
   G0029     3671.982528364     2567.843338713       24.412914600      -33.654454400      226.344000000 
   G0030     3503.881119207     3009.074348535       24.408284000      -33.664694900      178.790000000 
   G0031     3511.591306054     3083.825045552       24.408531300      -33.666453400      171.501000000 
   G0032     3642.446953671     3166.530014591       24.412255200      -33.668478900      175.446000000 
   G0033     3761.217668926     2615.423020901       24.415478100      -33.655632600      213.399000000 
   G0034     4270.041661101     2628.850415874       24.430013800      -33.656317800      192.866000000 
   G0035     4353.139146282     2376.862050398       24.432270000      -33.650431200      234.084000000 
   G0036     4363.036681798     2686.846817412       24.432720100      -33.657760700      172.888000000 
   G0037     4235.108920397     3027.885400346       24.429041000      -33.665585800      202.298000000 
   G0038     4075.267951530     2865.741486922       24.424532900      -33.661740000      175.402000000 
   G0039     4671.002306121     2300.919613656       24.441422100      -33.648921100      190.248000000 
   G0040     4538.189222702     1964.074040821       24.436922800      -33.640654000      452.801000000 
   G0041     5288.963818463     2105.018776276       24.458747600      -33.644641900      297.761000000 
   G0042     5025.960075565     1766.853575897       24.450617000      -33.636296500      528.042000000 
   G0043     6234.686026160     1506.418694739       24.484687200      -33.630869300      669.263000000 
   G0044     6214.298794883     1650.854057892       24.484173200      -33.634241500      648.682000000 
