3321A_2010_316_01_0001_RGB 49231.863960 -3654614.181360 5708.866420 -1.872234 0.728106 178.487100
3321A_2010_316_01_0002_RGB 47697.613250 -3654559.713280 5742.978580 0.850506 1.564683 178.870196
3321A_2010_316_01_0003_RGB 46160.646700 -3654562.740900 5771.051610 1.515683 0.985451 -178.403628
3321A_2010_316_01_0004_RGB 44625.064990 -3654626.249850 5771.282050 -0.687914 -0.165228 -177.788265
3321A_2010_316_01_0005_RGB 43088.652810 -3654628.203840 5775.245230 -1.300826 0.120519 179.527736
3321A_2010_316_01_0006_RGB 41553.681730 -3654590.243990 5775.049190 -0.420195 0.099222 178.862547
3321A_2010_316_01_0007_RGB 40016.684770 -3654563.127300 5776.019220 0.190431 0.371908 179.648802
3321A_2010_316_01_0008_RGB 38480.506870 -3654543.009560 5776.120300 -0.117321 0.441802 179.423208
3321A_2010_316_01_0009_RGB 36945.085030 -3654530.126450 5775.864990 0.351202 0.376989 -179.740908
3321A_2010_316_01_0010_RGB 35408.987980 -3654517.049430 5776.554790 -0.707542 0.540988 179.542280
3321A_2010_316_01_0011_RGB 33872.470220 -3654526.911700 5775.344380 1.905085 0.305091 -177.622075
3321A_2010_316_01_0012_RGB 32337.465410 -3654567.987740 5776.452120 -1.151188 0.355048 -178.929325
3321A_2010_316_01_0013_RGB 30801.217710 -3654569.144150 5775.885240 -0.481958 0.196115 -179.810656
3321A_2010_316_01_0014_RGB 29262.008150 -3654565.485490 5775.122450 -0.114583 0.141205 -179.693048
3321A_2010_316_01_0015_RGB 27729.233880 -3654561.707740 5775.887630 0.016086 0.043871 -179.781710
3321A_2010_316_01_0016_RGB 26190.115370 -3654561.633870 5774.489100 -1.072260 -0.009595 179.680629
3321A_2010_316_01_0017_RGB 24655.291880 -3654504.746570 5773.743690 0.781770 -0.153568 178.688764
3321A_2010_316_01_0018_RGB 23118.682030 -3654500.227820 5775.765120 1.740060 -0.143038 -178.497210
3321A_2010_316_01_0019_RGB 21583.488690 -3654549.389640 5775.852020 -1.021680 0.071907 -178.529684
3321A_2010_316_01_0020_RGB 20049.486530 -3654557.379740 5776.349070 -0.515874 0.315237 -179.592196
3321A_2010_316_01_0021_RGB 18511.947680 -3654547.942000 5775.190210 -0.513020 0.409400 -179.923219
3321A_2010_316_01_0022_RGB 16976.274860 -3654536.480830 5776.221050 0.607680 0.525066 -179.536886
3321A_2010_316_01_0023_RGB 15440.399890 -3654583.011240 5774.753850 1.360949 0.542026 -176.919189
3321A_2010_316_01_0024_RGB 13905.581850 -3654626.317540 5773.049750 -1.805462 0.510895 -179.524113
3321A_2010_316_01_0025_RGB 12368.937060 -3654625.929560 5773.354190 -0.034793 0.430693 -179.455688
3321A_2010_316_01_0026_RGB 10833.169820 -3654615.267950 5773.806490 -0.397300 0.347276 179.736709
3321A_2010_316_01_0027_RGB 9296.880880 -3654607.961670 5775.381400 -0.281174 0.442592 179.983635
3321A_2010_316_01_0028_RGB 7761.933300 -3654583.983320 5775.305130 0.276407 0.292333 179.607816
3321A_2010_316_01_0029_RGB 6225.703000 -3654577.170890 5776.046030 -0.139745 0.252258 179.925269
3321A_2010_316_01_0030_RGB 4689.482090 -3654567.006950 5776.573660 0.387313 0.496446 -179.828044
3321A_2010_316_01_0031_RGB 3153.499590 -3654570.971520 5773.894650 -0.198701 0.226020 -179.802784
3321A_2010_316_01_0032_RGB 1617.520730 -3654572.528400 5774.564540 0.121040 0.394456 -179.612894
3321A_2010_316_01_0033_RGB 81.693590 -3654578.621600 5774.205150 -0.405066 0.141461 -179.756694
3321A_2010_316_01_0034_RGB -1454.826170 -3654568.762690 5772.039200 0.222175 -0.116435 -179.922820
3321A_2010_316_01_0035_RGB -2991.069690 -3654574.874040 5772.503350 0.072913 -0.410954 -179.428642
3321A_2010_316_02_0036_RGB -2979.417940 -3659430.036930 5769.196720 -0.653247 0.622983 2.099885
3321A_2010_316_02_0037_RGB -1442.392390 -3659382.733770 5778.796270 -0.422535 -0.386046 2.297477
3321A_2010_316_02_0038_RGB 90.777800 -3659368.543640 5773.339610 1.508429 -0.132249 0.384291
3321A_2010_316_02_0039_RGB 1626.161140 -3659384.642270 5778.942560 0.118982 -0.957456 -0.234383
3321A_2010_316_02_0040_RGB 3160.860610 -3659406.770160 5776.093650 -0.692573 -0.791498 -0.394257
3321A_2010_316_02_0041_RGB 4696.559910 -3659432.238110 5777.855940 -0.744612 -0.826612 -0.121879
3321A_2010_316_02_0042_RGB 6231.739870 -3659442.364280 5780.206730 -0.543207 -0.791882 0.556364
3321A_2010_316_02_0043_RGB 7766.977590 -3659445.818220 5777.480980 -0.228428 -0.283680 0.537112
3321A_2010_316_02_0044_RGB 9302.198170 -3659444.938620 5778.125530 -0.624010 -0.124584 0.963434
3321A_2010_316_02_0045_RGB 10838.230300 -3659436.240380 5777.253080 0.062131 0.134374 1.075740
3321A_2010_316_02_0046_RGB 12375.242270 -3659436.264440 5776.953960 0.895397 0.191126 0.428779
3321A_2010_316_02_0047_RGB 13909.676050 -3659457.676380 5776.176840 1.346931 0.082465 -0.341250
3321A_2010_316_02_0048_RGB 15445.815640 -3659478.289680 5777.406100 -0.788067 -0.162780 0.439535
3321A_2010_316_02_0049_RGB 16981.142570 -3659468.919030 5776.534540 -1.343211 -0.184286 1.520713
3321A_2010_316_02_0050_RGB 18517.498020 -3659441.088130 5778.715860 -0.573830 -0.222511 1.912539
3321A_2010_316_02_0051_RGB 20054.521290 -3659408.579410 5776.295940 0.130273 -0.076963 1.895500
3321A_2010_316_02_0052_RGB 21590.616350 -3659387.302740 5778.086520 0.956608 -0.083345 1.199649
3321A_2010_316_02_0053_RGB 23125.634920 -3659392.870510 5775.879190 1.560283 -0.097039 0.151141
3321A_2010_316_02_0054_RGB 24663.692350 -3659418.182710 5778.060570 1.212155 -0.252029 -0.389123
3321A_2010_316_02_0055_RGB 26199.715830 -3659451.977140 5775.013200 0.222724 -0.185022 -0.438315
3321A_2010_316_02_0056_RGB 27735.451510 -3659477.750250 5777.630390 -0.782953 -0.473454 0.056435
3321A_2010_316_02_0057_RGB 29270.982760 -3659484.068170 5776.592740 -1.106880 -0.496303 0.937619
3321A_2010_316_02_0058_RGB 30806.492590 -3659457.716310 5778.119630 -2.405104 -0.712789 2.560726
3321A_2010_316_02_0059_RGB 32341.181490 -3659393.849170 5778.786480 -0.800915 -0.571182 3.364126
3321A_2010_316_02_0060_RGB 33877.436300 -3659346.615820 5779.451850 1.542320 -0.267920 1.915073
3321A_2010_316_02_0061_RGB 35413.593140 -3659333.146810 5778.746450 1.706795 -0.122687 0.747980
3321A_2010_316_02_0062_RGB 36949.250540 -3659348.725290 5779.044040 1.722658 -0.232135 -0.407317
3321A_2010_316_02_0063_RGB 38487.326970 -3659385.152080 5778.590340 0.445998 -0.225241 -0.397466
3321A_2010_316_02_0064_RGB 40022.294030 -3659405.156660 5777.844900 -0.329958 -0.374138 0.266600
3321A_2010_316_02_0065_RGB 41557.523760 -3659418.924260 5777.511490 0.370560 -0.563480 0.074464
3321A_2010_316_02_0066_RGB 43093.422050 -3659441.479780 5777.630940 -0.502742 -0.689672 0.101518
3321A_2010_316_02_0067_RGB 44633.923370 -3659451.913790 5779.191070 -0.894527 -0.708177 0.615448
3321A_2010_316_02_0068_RGB 46166.204380 -3659434.699080 5780.780460 -1.867294 -0.785642 2.076574
3321A_2010_316_02_0069_RGB 47706.476370 -3659386.471390 5778.193510 -0.759004 -0.360540 2.808428
3321A_2010_316_02_0070_RGB 49242.370530 -3659320.533090 5780.096450 -1.099630 -0.384081 3.672113
3321A_2010_316_03_0071_RGB 49232.884900 -3664290.525300 5707.979980 1.342052 -0.218219 -178.610519
3321A_2010_316_03_0072_RGB 47697.802670 -3664305.813130 5708.394110 -1.152047 0.161837 -179.788950
3321A_2010_316_03_0073_RGB 46161.975780 -3664284.608440 5708.126780 -0.145721 0.463431 179.732465
3321A_2010_316_03_0074_RGB 44625.851140 -3664293.901180 5707.324390 1.663607 0.631583 -177.874461
3321A_2010_316_03_0075_RGB 43088.647890 -3664315.381920 5706.130510 -1.191897 0.704986 -179.714527
3321A_2010_316_03_0076_RGB 41549.418100 -3664287.143760 5706.220060 -0.568255 0.657423 179.024216
3321A_2010_316_03_0077_RGB 40014.818670 -3664257.451090 5706.884250 0.413410 0.353093 179.789461
3321A_2010_316_03_0078_RGB 38478.461740 -3664248.860650 5706.336300 -0.598133 0.184462 179.683615
3321A_2010_316_03_0079_RGB 36942.182290 -3664225.002920 5706.810860 -0.219466 -0.099782 179.647506
3321A_2010_316_03_0080_RGB 35406.860610 -3664234.419070 5707.487710 1.478169 -0.067002 -177.721030
3321A_2010_316_03_0081_RGB 33871.979980 -3664269.494060 5708.078600 -1.240586 0.170034 -179.016746
3321A_2010_316_03_0082_RGB 32337.433180 -3664265.600250 5706.842880 -0.223110 0.259449 -179.665260
3321A_2010_316_03_0083_RGB 30800.327180 -3664250.786190 5706.947630 -0.307877 0.268222 179.659184
3321A_2010_316_03_0084_RGB 29266.664060 -3664253.474910 5706.184740 0.931473 0.181198 -178.601232
3321A_2010_316_03_0085_RGB 27730.124330 -3664252.794860 5704.706820 -0.663070 0.230446 179.790387
3321A_2010_316_03_0086_RGB 26193.631130 -3664251.600050 5703.309090 -0.246687 0.051920 -179.464005
3321A_2010_316_03_0087_RGB 24657.278850 -3664209.608670 5704.574870 -1.052730 0.035424 178.072952
3321A_2010_316_03_0088_RGB 23121.819030 -3664159.230790 5707.606510 2.435416 -0.111769 -179.650535
3321A_2010_316_03_0089_RGB 21585.556380 -3664212.942080 5707.215200 0.516391 -0.108006 -177.003451
3321A_2010_316_03_0090_RGB 20049.884760 -3664250.209070 5706.930900 -0.477825 -0.042779 -178.483901
3321A_2010_316_03_0091_RGB 18514.296060 -3664275.810370 5706.127640 -0.359566 0.060010 -178.506718
3321A_2010_316_03_0092_RGB 16978.161330 -3664278.069290 5707.455870 -0.661006 0.227750 -179.869955
3321A_2010_316_03_0093_RGB 15440.950440 -3664276.949910 5707.296760 -0.213669 0.346468 -179.766806
3321A_2010_316_03_0094_RGB 13905.841590 -3664275.992240 5706.434440 0.176534 0.448392 -179.327077
3321A_2010_316_03_0095_RGB 12370.800180 -3664282.983020 5706.232660 -0.998342 0.672054 -179.932898
3321A_2010_316_03_0096_RGB 10834.077240 -3664258.631260 5706.263700 -0.270336 0.732730 179.526096
3321A_2010_316_03_0097_RGB 9298.074240 -3664251.887990 5704.783490 0.282815 0.516915 -179.500125
3321A_2010_316_03_0098_RGB 7761.167550 -3664254.661100 5706.161490 -0.365342 0.308997 -179.705441
3321A_2010_316_03_0099_RGB 6226.378520 -3664236.222190 5706.566750 -0.328637 0.165577 179.675650
3321A_2010_316_03_0100_RGB 4689.446060 -3664228.705640 5706.538510 0.388865 0.055434 -179.428978
3321A_2010_316_03_0101_RGB 3153.958290 -3664244.936620 5706.435320 0.236146 0.233058 -178.796840
3321A_2010_316_03_0102_RGB 1618.660120 -3664265.852770 5706.001650 -1.009501 0.236288 -179.276934
3321A_2010_316_03_0103_RGB 82.566100 -3664248.536580 5705.853820 -0.353146 0.484889 179.683760
3321A_2010_316_03_0104_RGB -1453.673500 -3664251.246730 5705.564350 0.445060 0.221790 -178.748077
3321A_2010_316_03_0105_RGB -2993.136370 -3664249.286610 5706.634490 -0.224964 0.239372 -179.966168
3321A_2010_316_04_0106_RGB -2982.087310 -3669038.144120 5707.234160 2.806203 -0.138063 -0.452032
3321A_2010_316_04_0107_RGB -1446.439300 -3669074.439880 5708.204440 1.140124 -0.200910 -0.655750
3321A_2010_316_04_0108_RGB 90.914640 -3669096.623650 5706.733970 0.376004 -0.036664 0.004815
3321A_2010_316_04_0109_RGB 1625.870570 -3669112.645420 5705.837010 0.602808 -0.078808 0.144492
3321A_2010_316_04_0110_RGB 3160.610110 -3669123.122750 5707.894520 0.100835 -0.379998 0.288733
3321A_2010_316_04_0111_RGB 4696.090900 -3669133.962460 5706.306650 -0.385740 -0.276700 0.492720
3321A_2010_316_04_0112_RGB 6231.352150 -3669126.220570 5705.727930 -0.695594 -0.128354 1.238562
3321A_2010_316_04_0113_RGB 7767.991440 -3669103.130740 5704.905930 -0.804970 -0.242216 1.881063
3321A_2010_316_04_0114_RGB 9303.396480 -3669069.126880 5704.946980 0.350340 -0.147105 1.820295
3321A_2010_316_04_0115_RGB 10838.364190 -3669048.183300 5704.243750 1.090645 -0.133237 1.228933
3321A_2010_316_04_0116_RGB 12373.435790 -3669047.082380 5705.566660 1.147729 -0.353992 0.360055
3321A_2010_316_04_0117_RGB 13910.866760 -3669062.683880 5704.547380 0.950881 -0.403203 0.025360
3321A_2010_316_04_0118_RGB 15446.143760 -3669088.991530 5707.405160 0.780555 -0.681493 -0.415914
3321A_2010_316_04_0119_RGB 16982.261780 -3669126.661330 5705.041760 0.540922 -0.395392 -0.801071
3321A_2010_316_04_0120_RGB 18519.372460 -3669154.704530 5706.548030 -1.087006 -0.312799 0.097873
3321A_2010_316_04_0121_RGB 20054.771040 -3669152.389060 5705.140440 -1.587295 -0.356383 1.316148
3321A_2010_316_04_0122_RGB 21590.838360 -3669129.677140 5705.172930 -0.823682 -0.381090 1.634132
3321A_2010_316_04_0123_RGB 23126.095290 -3669096.181090 5703.825850 -0.503889 -0.298078 2.151146
3321A_2010_316_04_0124_RGB 24662.863290 -3669065.317010 5705.945530 0.637183 -0.193812 1.561838
3321A_2010_316_04_0125_RGB 26204.424540 -3669052.468970 5703.578540 0.862330 -0.215060 0.938843
3321A_2010_316_04_0126_RGB 27735.960870 -3669048.769950 5707.363040 0.227187 -0.560791 0.829707
3321A_2010_316_04_0127_RGB 29271.756370 -3669041.085620 5705.452030 0.108252 -0.259024 0.867983
3321A_2010_316_04_0128_RGB 30806.601030 -3669030.806780 5708.059170 -0.122709 -0.215564 1.066754
3321A_2010_316_04_0129_RGB 32347.361960 -3669019.682750 5706.385370 0.934486 0.174468 0.749429
3321A_2010_316_04_0130_RGB 33880.626940 -3669034.459030 5705.846000 1.300790 0.204233 -0.255745
3321A_2010_316_04_0131_RGB 35419.345830 -3669063.555050 5704.855010 0.076518 0.235224 -0.366846
3321A_2010_316_04_0132_RGB 36954.198990 -3669072.036180 5704.631690 -1.385504 0.179064 0.931497
3321A_2010_316_04_0133_RGB 38486.948640 -3669052.888290 5704.202930 -1.107894 -0.172937 1.699133
3321A_2010_316_04_0134_RGB 40024.171300 -3669024.619430 5704.896620 0.672344 -0.172770 1.314009
3321A_2010_316_04_0135_RGB 41560.146570 -3669024.046160 5704.779500 1.650796 -0.384173 0.102266
3321A_2010_316_04_0136_RGB 43095.650570 -3669053.129490 5706.632920 1.232325 -0.641364 -0.801251
3321A_2010_316_04_0137_RGB 44630.017110 -3669088.678500 5705.198020 -0.139175 -0.608025 -0.383634
3321A_2010_316_04_0138_RGB 46166.115620 -3669099.493570 5707.360110 -1.244533 -0.766778 0.908032
3321A_2010_316_04_0139_RGB 47702.454220 -3669078.725330 5708.107960 -1.110050 -0.545884 1.784406
3321A_2010_316_04_0140_RGB 49240.461800 -3669039.649310 5706.434660 -0.617268 -0.196787 2.232510
3321A_2010_316_05_0141_RGB 49231.910590 -3674011.074730 5704.372510 -1.422379 -0.159790 -178.783530
3321A_2010_316_05_0142_RGB 47694.521650 -3674004.524290 5706.290870 -1.208647 0.116907 179.367337
3321A_2010_316_05_0143_RGB 46158.410320 -3673967.190250 5706.104890 0.296831 0.002593 179.273155
3321A_2010_316_05_0144_RGB 44625.704600 -3673968.977220 5707.074910 -0.105218 -0.026746 -179.285222
3321A_2010_316_05_0145_RGB 43088.784780 -3673925.724410 5706.815610 -0.780386 0.072005 178.180217
3321A_2010_316_05_0146_RGB 41553.840000 -3673899.284310 5705.339380 2.213274 -0.051540 -178.535436
3321A_2010_316_05_0147_RGB 40017.547030 -3673933.550480 5704.967940 -1.355334 0.272130 -179.149313
3321A_2010_316_05_0148_RGB 38482.879490 -3673928.664770 5704.613340 0.197317 0.271195 -179.474948
3321A_2010_316_05_0149_RGB 36945.424860 -3673938.135210 5703.014700 -0.141011 0.024266 -178.984161
3321A_2010_316_05_0150_RGB 35410.395780 -3673936.109340 5704.473620 -0.787938 0.060509 179.988977
3321A_2010_316_05_0151_RGB 33874.310680 -3673925.273860 5704.674900 0.213459 -0.154165 -179.760064
3321A_2010_316_05_0152_RGB 32337.992600 -3673904.451080 5704.655290 -1.101126 -0.103277 179.063422
3321A_2010_316_05_0153_RGB 30801.599970 -3673871.375680 5705.184780 1.172567 -0.122905 -179.797636
3321A_2010_316_05_0154_RGB 29265.802030 -3673883.390990 5704.649910 -0.210237 0.080772 -179.169322
3321A_2010_316_05_0155_RGB 27729.760330 -3673879.046990 5705.567890 -0.557324 0.136109 -179.886606
3321A_2010_316_05_0156_RGB 26193.750680 -3673884.379220 5705.004170 0.647502 0.277858 -178.721448
3321A_2010_316_05_0157_RGB 24657.510580 -3673906.303360 5704.763990 -0.478624 0.508639 -178.821114
3321A_2010_316_05_0158_RGB 23122.711420 -3673904.298100 5702.308660 0.053344 0.637199 -179.605987
3321A_2010_316_05_0159_RGB 21585.858820 -3673926.460660 5701.681580 0.000823 0.564894 -178.402962
3321A_2010_316_05_0160_RGB 20049.858920 -3673940.905440 5702.145120 -0.017836 0.419170 -178.999730
3321A_2010_316_05_0161_RGB 18513.943820 -3673966.030410 5702.767410 -0.767543 0.133704 -179.092316
3321A_2010_316_05_0162_RGB 16977.260580 -3673938.205320 5704.997230 -0.879932 0.035944 178.948129
3321A_2010_316_05_0163_RGB 15441.501330 -3673926.379500 5705.510430 1.051205 0.086684 -179.048762
3321A_2010_316_05_0164_RGB 13903.049160 -3673927.147260 5704.326230 -1.295706 0.363698 179.532977
3321A_2010_316_05_0165_RGB 12369.677170 -3673917.145850 5704.076460 0.911273 0.258326 -179.110017
3321A_2010_316_05_0166_RGB 10830.390010 -3673925.184470 5704.945110 -1.053490 0.225181 -179.880595
3321A_2010_316_05_0167_RGB 9293.993210 -3673904.389270 5704.541490 -0.306942 0.245028 179.426818
3321A_2010_316_05_0168_RGB 7758.400970 -3673900.525350 5705.317720 0.508071 0.212036 -179.058365
3321A_2010_316_05_0169_RGB 6225.148410 -3673907.856370 5706.157600 -0.208681 0.099936 -179.450323
3321A_2010_316_05_0170_RGB 4685.542460 -3673916.680500 5705.475440 0.271955 -0.177937 -179.004499
3321A_2010_316_05_0171_RGB 3152.265840 -3673934.272580 5705.751980 0.072088 -0.110476 -178.733034
3321A_2010_316_05_0172_RGB 1617.461160 -3673950.754530 5705.815080 -1.275838 0.182665 -179.738160
3321A_2010_316_05_0173_RGB 81.397090 -3673926.331300 5706.380450 -0.553287 0.350390 179.424316
3321A_2010_316_05_0174_RGB -1455.045880 -3673909.039110 5705.011470 0.184087 0.055446 -179.808098
3321A_2010_316_05_0175_RGB -2991.474500 -3673887.438080 5705.729850 -0.348690 -0.144455 179.390289
3321A_2010_316_06_0176_RGB -2983.625850 -3678690.110190 5777.883070 6.083139 -0.343100 1.239655
3321A_2010_316_06_0177_RGB -1440.091730 -3678708.453770 5778.091430 4.757977 -0.600043 -0.453356
3321A_2010_316_06_0178_RGB 90.128000 -3678744.415910 5777.002680 3.011536 -0.365465 -0.679195
3321A_2010_316_06_0179_RGB 1626.131420 -3678770.651480 5773.725500 1.315268 0.049719 0.050684
3321A_2010_316_06_0180_RGB 3160.224730 -3678779.225650 5772.910000 0.406471 0.067160 0.366241
3321A_2010_316_06_0181_RGB 4696.071910 -3678775.539110 5773.184500 -1.119203 -0.372890 1.199320
3321A_2010_316_06_0182_RGB 6235.843210 -3678760.730820 5776.197210 -0.076035 -0.738652 1.185327
3321A_2010_316_06_0183_RGB 7772.512550 -3678759.764270 5774.127080 0.897550 -0.387188 0.496795
3321A_2010_316_06_0184_RGB 9304.115530 -3678781.149290 5773.761290 1.292156 -0.155753 -0.466747
3321A_2010_316_06_0185_RGB 10845.245860 -3678804.337290 5772.179810 -0.348196 0.014503 0.055875
3321A_2010_316_06_0186_RGB 12381.182930 -3678813.489220 5773.585460 -0.066289 -0.155428 0.312290
3321A_2010_316_06_0187_RGB 13913.886370 -3678820.255940 5772.488270 -0.261019 0.016673 0.433219
3321A_2010_316_06_0188_RGB 15451.051640 -3678811.564760 5772.341170 -1.032669 -0.264049 1.282068
3321A_2010_316_06_0189_RGB 16987.246000 -3678788.275340 5772.732010 -0.218713 -0.346348 1.600969
3321A_2010_316_06_0190_RGB 18521.760410 -3678787.249510 5774.997370 1.741962 -0.452097 0.047083
3321A_2010_316_06_0191_RGB 20055.502840 -3678803.554780 5774.467370 0.274946 -0.220212 0.244191
3321A_2010_316_06_0192_RGB 21590.033990 -3678805.696460 5773.271620 -0.958545 0.161092 0.937502
3321A_2010_316_06_0193_RGB 23127.881020 -3678780.703030 5773.369990 -1.401747 0.228472 1.992871
3321A_2010_316_06_0194_RGB 24662.736750 -3678734.313590 5773.811480 -0.133871 0.224103 2.386235
3321A_2010_316_06_0195_RGB 26198.735230 -3678702.228110 5773.742530 1.460281 0.143379 1.397281
3321A_2010_316_06_0196_RGB 27735.682680 -3678705.109280 5773.790040 1.764717 0.140166 0.170452
3321A_2010_316_06_0197_RGB 29270.107100 -3678734.656440 5774.495390 1.515445 -0.020926 -0.711882
3321A_2010_316_06_0198_RGB 30805.645900 -3678780.964800 5774.962720 0.693474 -0.320579 -1.049585
3321A_2010_316_06_0199_RGB 32342.848380 -3678809.663670 5775.581360 -1.447875 -0.430395 0.195256
3321A_2010_316_06_0200_RGB 33879.979490 -3678805.086270 5776.032460 -1.004259 -0.250009 1.124342
3321A_2010_316_06_0201_RGB 35415.908070 -3678791.164400 5775.901180 -0.523038 -0.126366 1.290715
3321A_2010_316_06_0202_RGB 36949.877140 -3678778.023100 5775.113150 0.410923 -0.109655 1.055877
3321A_2010_316_06_0203_RGB 38487.488550 -3678781.850650 5774.635460 1.216807 -0.068488 0.217127
3321A_2010_316_06_0204_RGB 40022.876060 -3678811.787820 5774.681190 1.464030 -0.262992 -0.721264
3321A_2010_316_06_0205_RGB 41557.860340 -3678849.265640 5774.649480 -0.388448 -0.510094 -0.330365
3321A_2010_316_06_0206_RGB 43093.859010 -3678853.125590 5774.444070 -2.103676 -0.810252 1.372871
3321A_2010_316_06_0207_RGB 44630.487750 -3678816.601320 5774.819540 -1.261191 -0.864364 2.366071
3321A_2010_316_06_0208_RGB 46166.563290 -3678779.051780 5773.301260 0.666392 -0.570045 1.772773
3321A_2010_316_06_0209_RGB 47703.616770 -3678758.619690 5775.057420 0.575327 -0.791313 1.281339
3321A_2010_316_06_0210_RGB 49239.619960 -3678745.845750 5773.869920 0.311592 -0.617749 1.084992
3321A_2010_316_07_0211_RGB 49232.994210 -3683639.087000 5927.237380 0.721194 0.039192 -179.042961
3321A_2010_316_07_0212_RGB 47696.586850 -3683650.168900 5927.305110 -0.901895 0.021550 -179.867561
3321A_2010_316_07_0213_RGB 46161.938820 -3683633.246080 5927.560880 0.288653 0.085304 -179.983796
3321A_2010_316_07_0214_RGB 44625.561410 -3683636.258290 5926.754230 -0.471957 0.156979 -179.712509
3321A_2010_316_07_0215_RGB 43089.012830 -3683630.974240 5927.562020 0.494095 0.059724 -179.359268
3321A_2010_316_07_0216_RGB 41553.854860 -3683633.069460 5927.583200 -1.471405 0.089700 179.489711
3321A_2010_316_07_0217_RGB 40017.643650 -3683601.326430 5927.945880 0.956755 0.053040 -179.701789
3321A_2010_316_07_0218_RGB 38481.784420 -3683603.649090 5927.066170 -0.874514 0.126138 179.913815
3321A_2010_316_07_0219_RGB 36945.115490 -3683557.202910 5926.235610 -0.559109 0.252467 178.347824
3321A_2010_316_07_0220_RGB 35410.212690 -3683565.032750 5926.453550 2.035357 0.162570 -177.470734
3321A_2010_316_07_0221_RGB 33873.348490 -3683611.424360 5926.852730 -1.589101 0.500977 -178.975169
3321A_2010_316_07_0222_RGB 32337.516760 -3683587.578590 5926.054210 -0.862264 0.574250 178.996827
3321A_2010_316_07_0223_RGB 30802.305870 -3683568.288440 5926.217770 0.495371 0.509669 -179.401638
3321A_2010_316_07_0224_RGB 29266.564020 -3683562.357720 5926.521760 -0.580895 0.574233 179.948620
3321A_2010_316_07_0225_RGB 27729.965470 -3683553.102280 5925.699610 1.127759 0.564503 -179.081568
3321A_2010_316_07_0226_RGB 26193.730210 -3683598.863550 5925.893570 -1.028634 0.627255 -178.190080
3321A_2010_316_07_0227_RGB 24657.179120 -3683592.501100 5925.146550 -0.687219 0.232396 179.766117
3321A_2010_316_07_0228_RGB 23121.553540 -3683581.459500 5925.002610 -0.255960 0.182256 -179.885483
3321A_2010_316_07_0229_RGB 21585.078910 -3683554.585950 5925.889720 0.294673 0.419800 179.722502
3321A_2010_316_07_0230_RGB 20046.666280 -3683564.318170 5924.695460 0.292880 0.195696 -178.903276
3321A_2010_316_07_0231_RGB 18510.149770 -3683568.086550 5927.115730 0.166820 -0.018318 -179.286072
3321A_2010_316_07_0232_RGB 16974.241810 -3683600.076600 5927.100330 0.866404 -0.105777 -177.466451
3321A_2010_316_07_0233_RGB 15439.543020 -3683626.709410 5924.365020 -1.409609 0.073147 -179.521552
3321A_2010_316_07_0234_RGB 13904.359750 -3683619.886770 5925.177170 -0.107718 0.184069 -179.769801
3321A_2010_316_07_0235_RGB 12370.875200 -3683604.776880 5924.504190 0.031362 0.339823 179.883474
3321A_2010_316_07_0236_RGB 10832.852730 -3683608.631530 5924.452400 -0.245756 0.432932 -179.349436
3321A_2010_316_07_0237_RGB 9298.180350 -3683607.206980 5922.887380 0.203099 0.057051 -179.252990
3321A_2010_316_07_0238_RGB 7761.435050 -3683598.338240 5924.716740 -0.375713 -0.295205 179.816275
3321A_2010_316_07_0239_RGB 6225.665330 -3683573.902350 5923.870350 -0.476558 -0.478198 179.450963
3321A_2010_316_07_0240_RGB 4690.523440 -3683529.054690 5924.884350 0.090551 -0.207206 178.766333
3321A_2010_316_07_0241_RGB 3153.145420 -3683530.986100 5924.805740 1.169742 0.151071 -178.467697
3321A_2010_316_07_0242_RGB 1616.660580 -3683564.786220 5925.798780 0.579578 0.422467 -177.879656
3321A_2010_316_07_0243_RGB 81.909310 -3683605.973570 5925.901120 -0.309737 0.319970 -178.294723
3321A_2010_316_07_0244_RGB -1454.425710 -3683646.276290 5925.660780 -0.165872 0.076760 -177.696882
3321A_2010_316_07_0245_RGB -2990.618090 -3683662.790330 5925.926390 -1.224330 0.244773 -179.704012
3321A_2010_316_08_0246_RGB -2982.634930 -3688445.031880 5938.522370 1.477883 0.384359 1.217852
3321A_2010_316_08_0247_RGB -1441.075790 -3688438.050410 5938.590030 2.436733 0.358362 0.536174
3321A_2010_316_08_0248_RGB 92.776470 -3688452.814040 5937.877980 2.958885 0.299172 -0.301368
3321A_2010_316_08_0249_RGB 1632.297450 -3688481.018650 5937.346180 0.641720 0.037315 -0.134115
3321A_2010_316_08_0250_RGB 3166.474440 -3688489.269210 5937.505500 -0.586344 -0.254856 0.636742
3321A_2010_316_08_0251_RGB 4699.295900 -3688481.617910 5936.409630 -1.106789 -0.552812 1.233359
3321A_2010_316_08_0252_RGB 6233.290590 -3688452.956110 5936.650050 -0.483061 -0.572975 1.761373
3321A_2010_316_08_0253_RGB 7771.503500 -3688430.081980 5937.627800 1.042942 -0.461971 1.023679
3321A_2010_316_08_0254_RGB 9304.653880 -3688434.782470 5937.956200 1.430309 -0.496764 -0.022417
3321A_2010_316_08_0255_RGB 10839.491360 -3688454.441670 5938.278710 0.019280 -0.394380 0.041628
3321A_2010_316_08_0256_RGB 12375.190270 -3688458.981910 5936.308720 -0.596960 -0.191569 0.600334
3321A_2010_316_08_0257_RGB 13911.783740 -3688453.564880 5935.719850 0.017191 -0.036394 0.816052
3321A_2010_316_08_0258_RGB 15447.229880 -3688449.079120 5936.301630 0.125270 -0.303156 0.840951
3321A_2010_316_08_0259_RGB 16984.184670 -3688451.180950 5937.272420 0.758238 -0.457315 0.297457
3321A_2010_316_08_0260_RGB 18520.159690 -3688473.583660 5938.423900 0.637038 -0.713364 -0.365924
3321A_2010_316_08_0261_RGB 20055.363630 -3688488.079160 5939.892180 -0.930725 -0.483075 0.553342
3321A_2010_316_08_0262_RGB 21592.933230 -3688480.710060 5936.741240 -0.565764 0.066170 1.012777
3321A_2010_316_08_0263_RGB 23126.868610 -3688469.050030 5938.727330 -0.312637 -0.020583 1.095013
3321A_2010_316_08_0264_RGB 24663.749540 -3688435.742300 5938.476300 -1.542179 0.006058 2.471519
3321A_2010_316_08_0265_RGB 26199.524770 -3688383.468630 5938.882830 0.383633 0.200106 2.378913
3321A_2010_316_08_0266_RGB 27736.403040 -3688362.940910 5938.913600 2.161915 0.180773 0.717164
3321A_2010_316_08_0267_RGB 29272.634620 -3688381.304030 5939.303610 1.847417 0.023729 -0.541297
3321A_2010_316_08_0268_RGB 30807.181990 -3688407.714060 5938.821790 -0.226431 -0.221213 -0.179176
3321A_2010_316_08_0269_RGB 32342.644340 -3688413.550740 5938.764320 -0.710062 -0.329826 0.641655
3321A_2010_316_08_0270_RGB 33879.737600 -3688405.721160 5939.629880 -0.574562 -0.223529 1.173119
3321A_2010_316_08_0271_RGB 35415.063430 -3688389.171320 5938.768980 -0.050787 -0.068229 1.094550
3321A_2010_316_08_0272_RGB 36952.729360 -3688384.282870 5937.966790 0.999142 0.050701 0.367447
3321A_2010_316_08_0273_RGB 38488.388170 -3688406.568720 5938.874230 1.559912 -0.072772 -0.605669
3321A_2010_316_08_0274_RGB 40022.593920 -3688448.090060 5939.696030 1.042647 -0.269303 -1.012985
3321A_2010_316_08_0275_RGB 41558.016800 -3688493.927430 5940.583730 -0.306449 -0.447403 -0.744312
3321A_2010_316_08_0276_RGB 43095.664080 -3688511.965330 5940.901460 -1.706534 -0.459170 0.624312
3321A_2010_316_08_0277_RGB 44630.989360 -3688492.683480 5941.205900 -1.769436 -0.519432 1.850557
3321A_2010_316_08_0278_RGB 46168.014420 -3688451.225650 5941.172800 -0.816374 -0.438336 2.421535
3321A_2010_316_08_0279_RGB 47704.829290 -3688411.451520 5941.070090 1.062547 -0.089500 1.682951
3321A_2010_316_08_0280_RGB 49239.371750 -3688402.715700 5938.803970 1.435090 -0.029692 0.583218
3321A_2010_316_09_0281_RGB 49233.642490 -3693249.632930 5938.237060 2.671154 -0.405320 -177.661037
3321A_2010_316_09_0282_RGB 47698.057420 -3693300.826720 5938.855500 -1.673898 -0.230483 -178.832890
3321A_2010_316_09_0283_RGB 46162.235330 -3693283.519270 5939.980190 0.067124 -0.069086 179.958196
3321A_2010_316_09_0284_RGB 44626.246340 -3693294.991320 5938.309340 0.185561 -0.123717 -178.664833
3321A_2010_316_09_0285_RGB 43089.957070 -3693307.496000 5938.737010 -0.469352 -0.095483 -179.187298
3321A_2010_316_09_0286_RGB 41554.602060 -3693308.708950 5939.056470 -0.012152 0.053150 -179.484478
3321A_2010_316_09_0287_RGB 40017.630690 -3693308.362150 5938.651930 -0.331713 0.211440 -179.566498
3321A_2010_316_09_0288_RGB 38482.546450 -3693280.641180 5938.651090 -0.521311 0.440889 179.000393
3321A_2010_316_09_0289_RGB 36946.277400 -3693272.904050 5937.793720 1.216996 0.488813 -178.701361
3321A_2010_316_09_0290_RGB 35411.017120 -3693275.187020 5937.848210 -0.924842 0.713501 179.881457
3321A_2010_316_09_0291_RGB 33874.379680 -3693253.601670 5936.729560 1.078605 0.469744 -179.504077
3321A_2010_316_09_0292_RGB 32335.062800 -3693272.148960 5938.728600 0.084970 0.737020 -178.691626
3321A_2010_316_09_0293_RGB 30802.392760 -3693300.863180 5936.333480 0.579965 0.344582 -178.129467
3321A_2010_316_09_0294_RGB 29263.096660 -3693313.449230 5937.483880 -1.485121 0.425141 179.886210
3321A_2010_316_09_0295_RGB 27730.612210 -3693276.362390 5935.099950 -0.019152 0.194979 179.245220
3321A_2010_316_09_0296_RGB 26194.450780 -3693249.456370 5937.028380 -0.821923 0.240394 178.931732
3321A_2010_316_09_0297_RGB 24656.732520 -3693226.477440 5938.008590 1.279524 0.164736 -179.183427
3321A_2010_316_09_0298_RGB 23119.349340 -3693248.898820 5936.467950 0.140796 0.343542 -178.622482
3321A_2010_316_09_0299_RGB 21585.728530 -3693266.650150 5935.548730 -1.038191 0.526840 -179.373411
3321A_2010_316_09_0300_RGB 20050.926920 -3693275.358660 5936.556290 0.249253 0.366406 -178.800084
3321A_2010_316_09_0301_RGB 18513.529420 -3693280.866070 5936.772850 -1.007021 0.373785 -179.971671
3321A_2010_316_09_0302_RGB 16978.968720 -3693248.109270 5935.721770 -0.650342 0.180784 178.824290
3321A_2010_316_09_0303_RGB 15443.682150 -3693215.522020 5935.938550 1.251119 0.067966 -179.655716
3321A_2010_316_09_0304_RGB 13907.890950 -3693250.104770 5935.980050 0.703094 0.180517 -177.360751
3321A_2010_316_09_0305_RGB 12370.437600 -3693274.791760 5934.067820 -1.051047 0.329293 -179.451373
3321A_2010_316_09_0306_RGB 10835.112150 -3693252.769310 5935.417030 0.469710 0.001913 -179.889175
3321A_2010_316_09_0307_RGB 9299.033160 -3693272.158540 5935.590550 0.076452 -0.132348 -178.386377
3321A_2010_316_09_0308_RGB 7761.930270 -3693267.516380 5936.839080 -0.692243 0.041412 179.796857
3321A_2010_316_09_0309_RGB 6227.467760 -3693235.707080 5936.427850 -0.237197 0.185962 179.121385
3321A_2010_316_09_0310_RGB 4690.504850 -3693231.902320 5936.065250 1.422875 0.016685 -178.342359
3321A_2010_316_09_0311_RGB 3154.404360 -3693280.136440 5939.437470 -0.331756 0.232341 -177.849289
3321A_2010_316_09_0312_RGB 1618.601890 -3693296.201340 5939.590110 -1.298834 0.548353 -179.899965
3321A_2010_316_09_0313_RGB 83.653130 -3693289.344710 5937.803310 0.216353 0.405881 -179.448554
3321A_2010_316_09_0314_RGB -1453.104570 -3693282.349360 5934.894970 -0.625225 0.225199 179.878050
3321A_2010_316_09_0315_RGB -2988.135580 -3693253.958950 5934.077240 0.001443 0.052030 179.471832
3321A_2010_316_10_0316_RGB -2982.403030 -3697928.899080 5979.442770 2.561701 -0.355428 2.740980
3321A_2010_316_10_0317_RGB -1445.364310 -3697893.554370 5979.975030 3.331846 -0.461901 1.614867
3321A_2010_316_10_0318_RGB 90.588680 -3697874.051700 5980.543500 1.820542 -0.588945 1.700164
3321A_2010_316_10_0319_RGB 1625.027800 -3697849.585500 5978.385530 2.215756 -0.059854 1.605380
3321A_2010_316_10_0320_RGB 3160.788860 -3697843.048570 5977.698590 2.230044 0.299344 0.532834
3321A_2010_316_10_0321_RGB 4697.757590 -3697859.919850 5975.538120 1.464107 0.483300 -0.213420
3321A_2010_316_10_0322_RGB 6233.462280 -3697894.928970 5974.084470 1.124886 0.337650 -0.919713
3321A_2010_316_10_0323_RGB 7767.615400 -3697936.644700 5973.791580 -0.474274 -0.162568 -0.576376
3321A_2010_316_10_0324_RGB 9303.547390 -3697957.553920 5975.658670 -1.243386 -0.998679 0.370210
3321A_2010_316_10_0325_RGB 10840.037770 -3697944.283590 5977.460510 -2.072071 -1.316006 1.698018
3321A_2010_316_10_0326_RGB 12376.786430 -3697901.998020 5979.580710 -0.794838 -0.852349 2.346385
3321A_2010_316_10_0327_RGB 13912.729440 -3697867.576730 5978.429560 1.107339 -0.116570 1.403019
3321A_2010_316_10_0328_RGB 15448.440570 -3697858.942800 5976.843950 0.869982 0.100865 0.849514
3321A_2010_316_10_0329_RGB 16983.363150 -3697856.729860 5977.630980 0.362701 0.012544 0.821380
3321A_2010_316_10_0330_RGB 18519.417410 -3697859.111300 5977.465670 1.079793 0.005195 0.299976
3321A_2010_316_10_0331_RGB 19288.999120 -3697868.522430 5977.519770 1.670023 0.033261 -0.310465
3321A_2010_316_10_0332_RGB 20055.784970 -3697884.827280 5976.824780 1.807166 0.033794 -0.866033
3321A_2010_316_10_0333_RGB 20823.439820 -3697906.002350 5977.024170 1.238604 -0.127030 -1.125637
3321A_2010_316_10_0334_RGB 21591.714600 -3697925.621340 5977.798310 -0.042442 -0.244218 -0.758535
3321A_2010_316_10_0335_RGB 22359.526590 -3697937.081070 5977.675090 -1.436781 -0.317462 0.146892
3321A_2010_316_10_0336_RGB 23128.800380 -3697935.630950 5977.007860 -2.407911 -0.483430 1.109276
3321A_2010_316_10_0337_RGB 23895.802950 -3697923.122020 5976.680270 -2.239265 -0.515248 1.808930
3321A_2010_316_10_0338_RGB 24664.714380 -3697902.619500 5977.041110 -1.942102 -0.514172 2.345872
3321A_2010_316_10_0339_RGB 25432.042640 -3697875.056490 5978.047900 -1.669501 -0.547655 2.848491
3321A_2010_316_10_0340_RGB 26199.126450 -3697842.321600 5977.883600 -0.933248 -0.532048 3.113444
3321A_2010_316_10_0341_RGB 26968.214640 -3697812.388100 5977.663060 0.480271 -0.386283 2.696461
3321A_2010_316_10_0342_RGB 27734.841000 -3697791.172380 5977.589980 1.520525 -0.396406 1.863002
3321A_2010_316_10_0343_RGB 28504.649830 -3697781.068580 5978.776830 2.169936 -0.537851 1.061452
3321A_2010_316_10_0344_RGB 29271.212210 -3697780.302700 5979.695490 1.760353 -0.763400 0.592831
3321A_2010_316_10_0345_RGB 30040.529040 -3697784.364190 5980.307670 1.478695 -0.772081 0.261427
3321A_2010_316_10_0346_RGB 30810.471890 -3697793.442370 5980.769030 1.427813 -0.718009 -0.077856
3321A_2010_316_10_0347_RGB 31576.593770 -3697807.154330 5981.384220 1.426343 -0.651381 -0.546365
3321A_2010_316_10_0348_RGB 32343.994760 -3697823.039820 5981.728130 0.913210 -0.433647 -0.618293
3321A_2010_316_10_0349_RGB 33111.859410 -3697838.110520 5981.159960 0.413456 -0.223110 -0.546890
3321A_2010_316_10_0350_RGB 33879.962450 -3697850.550060 5979.705900 -0.008491 0.078528 -0.410781
3321A_2010_316_10_0351_RGB 34646.592970 -3697860.343550 5979.938680 -0.324831 0.150676 -0.159544
3321A_2010_316_10_0352_RGB 35417.070750 -3697864.839460 5979.831910 -0.925167 0.236268 0.277855
3321A_2010_316_10_0353_RGB 36952.658320 -3697858.569460 5978.484090 -0.992060 0.228846 0.885746
3321A_2010_316_10_0354_RGB 38487.404250 -3697841.534320 5979.357470 -0.534986 0.067849 1.320330
3321A_2010_316_10_0355_RGB 39260.683510 -3697830.157410 5979.875820 -0.519648 -0.003371 1.561839
3321A_2010_316_10_0356_RGB 40028.018260 -3697816.605060 5980.205600 -0.397714 0.005751 1.816988
3321A_2010_316_10_0357_RGB 40793.089790 -3697806.287320 5979.676650 0.921895 0.199724 1.168642
3321A_2010_316_10_0358_RGB 41559.116840 -3697804.970090 5978.542680 1.630832 0.296378 0.363548
3321A_2010_316_10_0359_RGB 42328.909990 -3697811.800320 5978.834900 1.799763 0.190289 -0.117637
3321A_2010_316_10_0360_RGB 43096.508510 -3697825.112730 5979.704390 1.604583 0.132034 -0.581975
3321A_2010_316_10_0361_RGB 43863.912030 -3697842.746250 5979.154560 1.373569 0.048268 -0.889728
3321A_2010_316_10_0362_RGB 44636.636660 -3697863.968000 5979.483860 1.179752 -0.178448 -1.040265
3321A_2010_316_10_0363_RGB 45404.005260 -3697885.118870 5979.238850 0.072460 -0.321811 -0.765089
3321A_2010_316_10_0364_RGB 46173.483410 -3697898.803870 5979.886150 -1.032968 -0.522864 -0.098574
3321A_2010_316_10_0365_RGB 46935.892190 -3697903.254340 5980.571890 -1.630156 -0.631307 0.530198
3321A_2010_316_10_0366_RGB 47709.315430 -3697898.861190 5980.411180 -1.613039 -0.595402 1.161956
3321A_2010_316_10_0367_RGB 49243.680900 -3697877.662840 5979.609980 -0.666346 -0.319582 1.566321
3321A_2010_316_11_0368_RGB 49234.032360 -3702106.356430 5980.017690 0.989226 -0.238418 -179.501277
3321A_2010_316_11_0369_RGB 47699.166770 -3702091.532550 5979.725330 -1.010078 -0.011698 179.150413
3321A_2010_316_11_0370_RGB 46162.058730 -3702040.194140 5980.155730 0.492635 -0.027878 178.955292
3321A_2010_316_11_0371_RGB 44626.182360 -3702056.479530 5980.017820 1.551733 0.208400 -177.755848
3321A_2010_316_11_0372_RGB 43090.948160 -3702107.964640 5979.214580 -0.547221 0.408710 -177.929542
3321A_2010_316_11_0373_RGB 41554.182190 -3702136.009030 5978.462410 -0.256744 0.437213 -178.407157
3321A_2010_316_11_0374_RGB 40015.302960 -3702151.779760 5977.428410 -1.149194 0.315909 -179.469652
3321A_2010_316_11_0375_RGB 38482.319140 -3702144.952740 5977.099860 -0.167355 0.190820 -179.642993
3321A_2010_316_11_0376_RGB 36943.710830 -3702092.067240 5978.405910 -1.778065 0.364598 176.940053
3321A_2010_316_11_0377_RGB 35408.509350 -3702038.459110 5978.192270 2.118546 0.150650 -179.726992
3321A_2010_316_11_0378_RGB 33872.461410 -3702042.728400 5978.587200 0.430264 0.340846 -179.154350
3321A_2010_316_11_0379_RGB 32338.202490 -3702073.086800 5978.115680 0.706924 0.453894 -177.824380
3321A_2010_316_11_0380_RGB 30801.619870 -3702079.502750 5978.276820 -0.724545 0.398276 -179.900545
3321A_2010_316_11_0381_RGB 29265.703430 -3702074.910000 5978.182380 -0.055622 0.172284 -179.616034
3321A_2010_316_11_0382_RGB 27730.466570 -3702077.342570 5978.197920 0.141298 0.190508 -179.128385
3321A_2010_316_11_0383_RGB 26194.101070 -3702094.864770 5979.162240 0.048672 0.308754 -178.776829
3321A_2010_316_11_0384_RGB 24658.468770 -3702128.849370 5980.070930 0.366624 0.379857 -177.780328
3321A_2010_316_11_0385_RGB 23121.988830 -3702141.318930 5977.971230 -1.445639 0.418159 179.778883
3321A_2010_316_11_0386_RGB 21587.333050 -3702122.493400 5974.813580 0.606606 0.246813 -179.626001
3321A_2010_316_11_0387_RGB 20051.172000 -3702117.091500 5972.727860 -0.913847 0.364583 179.659834
3321A_2010_316_11_0388_RGB 18515.361240 -3702087.234600 5974.227930 0.036895 0.236675 179.381735
3321A_2010_316_11_0389_RGB 16978.919120 -3702059.737540 5976.374600 -0.421361 0.107842 179.322180
3321A_2010_316_11_0390_RGB 15442.641010 -3702008.743370 5976.747430 -0.236018 0.011359 178.361562
3321A_2010_316_11_0391_RGB 13906.361630 -3702010.794120 5977.433850 1.620325 -0.098658 -177.878249
3321A_2010_316_11_0392_RGB 12370.247370 -3702064.056530 5976.373200 0.435957 0.090713 -177.115808
3321A_2010_316_11_0393_RGB 10834.595330 -3702116.378930 5976.433290 -1.508732 0.273041 -178.467721
3321A_2010_316_11_0394_RGB 9298.286980 -3702102.317890 5975.946080 -0.218066 0.187837 179.942304
3321A_2010_316_11_0395_RGB 7762.041730 -3702101.202660 5975.025090 -0.451747 0.169688 -179.812597
3321A_2010_316_11_0396_RGB 6225.407210 -3702087.725010 5974.184930 1.492559 0.462345 -178.944970
3321A_2010_316_11_0397_RGB 4689.438840 -3702134.525990 5972.325340 0.086087 0.461826 -177.716967
3321A_2010_316_11_0398_RGB 3154.400720 -3702170.155830 5971.979000 -0.858516 0.219531 -178.579658
3321A_2010_316_11_0399_RGB 1618.200990 -3702155.881700 5973.803280 -1.368299 -0.123750 179.008250
3321A_2010_316_11_0400_RGB 79.245810 -3702085.450640 5975.456260 -0.911539 -0.232221 177.428649
3321A_2010_316_11_0401_RGB -1454.467940 -3702028.119690 5976.791820 1.497999 -0.129848 179.528737
3321A_2010_316_11_0402_RGB -2992.812010 -3702039.743200 5976.946390 0.583067 0.325334 -178.664487
3321A_2010_316_12_0403_RGB -2982.663840 -3706932.680070 5594.882990 1.712746 -0.706064 1.649128
3321A_2010_316_12_0404_RGB -1445.274010 -3706910.691870 5599.257400 0.353403 -0.821454 1.545870
3321A_2010_316_12_0405_RGB 90.372990 -3706891.066660 5596.725940 0.850671 -0.543038 1.086595
3321A_2010_316_12_0406_RGB 1625.129330 -3706895.686040 5596.969010 1.569238 -0.661009 -0.063600
3321A_2010_316_12_0407_RGB 3161.076360 -3706927.564620 5596.309620 0.871668 -0.564946 -0.722212
3321A_2010_316_12_0408_RGB 4697.589510 -3706965.544000 5597.096600 -0.379985 -0.724639 -0.614506
3321A_2010_316_12_0409_RGB 6234.081380 -3706980.715370 5599.906760 -1.456523 -0.854830 0.474408
3321A_2010_316_12_0410_RGB 7769.900870 -3706972.003330 5598.667730 -0.767096 -0.772900 1.114991
3321A_2010_316_12_0411_RGB 9303.309040 -3706963.377070 5600.359050 0.415231 -0.738452 0.939687
3321A_2010_316_12_0412_RGB 10839.021090 -3706963.681820 5599.702730 0.333250 -0.431033 0.579920
3321A_2010_316_12_0413_RGB 12375.987710 -3706973.009290 5600.140010 0.456555 -0.385685 0.228523
3321A_2010_316_12_0414_RGB 13911.713960 -3706979.613280 5600.219470 -0.040627 -0.346078 0.490233
3321A_2010_316_12_0415_RGB 15447.639030 -3706979.225820 5601.581070 -0.485397 -0.331347 0.853807
3321A_2010_316_12_0416_RGB 16983.871360 -3706963.811990 5598.872360 -0.724577 -0.044351 1.330391
3321A_2010_316_12_0417_RGB 18519.950620 -3706932.303770 5601.136520 -0.734942 -0.205575 1.986908
3321A_2010_316_12_0418_RGB 20056.018850 -3706890.608140 5600.401700 0.131360 -0.145654 2.057238
3321A_2010_316_12_0419_RGB 21590.473020 -3706870.665570 5602.393480 1.865893 -0.397495 0.793355
3321A_2010_316_12_0420_RGB 23126.541520 -3706888.266130 5603.830430 2.253879 -0.475883 -0.625337
3321A_2010_316_12_0421_RGB 24667.188160 -3706930.644650 5604.846960 0.832351 -0.216277 -1.064620
3321A_2010_316_12_0422_RGB 26200.056140 -3706972.366960 5602.836670 0.329710 0.258846 -1.024711
3321A_2010_316_12_0423_RGB 27735.026730 -3707004.802730 5603.650430 -1.077263 0.271547 -0.156938
3321A_2010_316_12_0424_RGB 29275.964850 -3706989.250630 5600.704320 -2.947679 0.320774 2.209460
3321A_2010_316_12_0425_RGB 30811.977810 -3706924.269880 5603.645600 -2.784429 -0.008242 3.844100
3321A_2010_316_12_0426_RGB 32343.776070 -3706844.139880 5602.794360 0.283198 0.343172 3.405341
3321A_2010_316_12_0427_RGB 33883.838080 -3706801.019330 5604.038180 2.587696 0.130120 1.366867
3321A_2010_316_12_0428_RGB 35419.544150 -3706808.783410 5604.489640 2.602433 -0.145989 -0.320459
3321A_2010_316_12_0429_RGB 36954.054760 -3706851.079450 5604.382630 2.162121 -0.105716 -1.502602
3321A_2010_316_12_0430_RGB 38488.541230 -3706911.385530 5603.209020 0.785157 -0.006831 -1.686744
3321A_2010_316_12_0431_RGB 40029.184550 -3706960.359270 5602.165250 -0.878540 0.140309 -0.837216
3321A_2010_316_12_0432_RGB 41561.366090 -3706982.144820 5601.486230 -1.635498 -0.082034 0.101342
3321A_2010_316_12_0433_RGB 43098.091790 -3706974.319640 5602.734340 -1.783194 -0.254839 1.225764
3321A_2010_316_12_0434_RGB 44630.434180 -3706942.684360 5602.831360 -1.511766 -0.252812 2.091034
3321A_2010_316_12_0435_RGB 46168.315050 -3706904.058710 5603.192320 0.388575 -0.075517 1.893192
3321A_2010_316_12_0436_RGB 47702.976850 -3706887.901910 5601.951190 1.554171 -0.059653 0.830659
3321A_2010_316_12_0437_RGB 49240.368160 -3706897.913390 5601.869260 1.577420 -0.319990 0.072526
3321A_2010_316_13_0440_RGB -81.821170 -3652525.564170 5782.923420 -0.590578 0.544670 -91.726369
3321A_2010_316_13_0441_RGB -94.853080 -3654060.810150 5782.642770 -0.280922 1.723756 -88.659871
3321A_2010_316_13_0442_RGB -34.080030 -3655596.371150 5785.496580 -0.551665 1.822335 -86.422844
3321A_2010_316_13_0443_RGB 42.438590 -3657131.842110 5781.962770 -0.439209 -0.114934 -86.722809
3321A_2010_316_13_0444_RGB 88.876470 -3658667.932030 5785.442170 -0.740343 -1.582338 -88.413415
3321A_2010_316_13_0445_RGB 96.912850 -3660203.665840 5785.321930 -0.819177 -1.442108 -89.641501
3321A_2010_316_13_0446_RGB 89.811950 -3661739.928130 5781.188770 -0.242966 -0.322603 -89.619331
3321A_2010_316_13_0447_RGB 79.513870 -3663275.554410 5784.627960 -0.535457 -1.030749 -90.271478
3321A_2010_316_13_0448_RGB 57.902660 -3664811.783290 5782.954810 -0.159492 -0.190639 -90.189161
3321A_2010_316_13_0449_RGB 41.117820 -3666352.293920 5782.652610 0.143520 0.359639 -89.877831
3321A_2010_316_13_0450_RGB 39.394080 -3667885.489820 5780.606470 0.351242 0.411535 -89.245973
3321A_2010_316_13_0451_RGB 46.473640 -3669425.114180 5782.002720 0.359059 -0.083749 -89.123687
3321A_2010_316_13_0452_RGB 37.049960 -3670960.033130 5780.093560 0.210537 -1.063244 -90.176953
3321A_2010_316_13_0453_RGB 2.547770 -3672494.043690 5780.739200 -0.260163 -1.390684 -91.126706
3321A_2010_316_13_0454_RGB -44.492780 -3674031.835880 5778.813410 0.201909 0.450210 -90.808238
3321A_2010_316_13_0455_RGB -60.581150 -3675567.507140 5781.179220 0.159157 1.783355 -89.248471
3321A_2010_316_13_0456_RGB -21.541830 -3677102.139750 5781.858440 -0.172005 0.815847 -87.636282
3321A_2010_316_13_0457_RGB 16.631100 -3678639.755760 5780.467930 -0.380839 -0.970023 -88.465280
3321A_2010_316_13_0458_RGB 25.485560 -3680173.586060 5780.229120 -0.125714 -1.196072 -89.473404
3321A_2010_316_13_0459_RGB 6.095870 -3681709.736380 5779.452640 -0.069546 -1.331665 -90.585184
3321A_2010_316_13_0460_RGB -31.949980 -3683244.879000 5779.987840 -0.023485 -0.492531 -90.960316
3321A_2010_316_13_0461_RGB -51.278950 -3684781.900930 5779.819750 0.133444 1.194954 -89.559884
3321A_2010_316_13_0462_RGB -32.542330 -3686317.559680 5779.393130 -0.322916 1.242430 -88.240502
3321A_2010_316_13_0463_RGB 5.977080 -3687851.792560 5777.778780 -0.439364 0.552835 -87.816694
3321A_2010_316_13_0464_RGB 41.601740 -3689389.909360 5775.563950 -0.156030 -0.995337 -88.467685
3321A_2010_316_13_0465_RGB 40.211190 -3690925.237900 5778.025660 -0.480927 -1.515271 -90.042027
3321A_2010_316_13_0466_RGB -0.972540 -3692460.358480 5778.215700 -0.759119 -1.444230 -91.416365
3321A_2010_316_13_0467_RGB -34.355160 -3693996.721720 5778.411920 -0.577420 0.801053 -90.248453
3321A_2010_316_13_0468_RGB -29.931910 -3695532.871790 5777.966660 -0.388031 1.021305 -88.750656
3321A_2010_316_13_0469_RGB -11.508130 -3697070.522410 5779.453230 -0.533588 -0.203242 -88.984916
3321A_2010_316_13_0470_RGB -9.007680 -3698604.266230 5778.851890 -0.367588 -0.913045 -89.738544
3321A_2010_316_13_0471_RGB -32.297070 -3700141.738530 5773.821830 0.181125 -0.544678 -90.595410
3321A_2010_316_13_0472_RGB -43.604910 -3701678.004230 5778.019890 0.354101 0.885181 -89.299160
3321A_2010_316_13_0473_RGB -25.030830 -3703212.527210 5773.658460 0.626600 0.808646 -88.396740
3321A_2010_316_13_0474_RGB 11.565750 -3704750.403240 5774.069640 0.313152 0.494059 -87.908335
3321A_2010_316_13_0475_RGB 54.469500 -3706285.284300 5771.221600 -0.067012 -0.231116 -87.936993
3321A_2010_316_13_0476_RGB 79.538350 -3707820.757360 5771.896770 -0.860303 -2.022168 -89.308588
3321A_2010_316_13_0477_RGB 57.304550 -3709356.566740 5769.482780 -0.975452 -2.451702 -91.082143
3321A_2010_316_13_0478_RGB -13.726060 -3710893.262830 5771.831310 -0.982958 -1.585788 -92.740543
3321A_2010_316_14_0479_RGB 46457.558960 -3711388.633890 5778.909560 0.533155 -1.916657 89.065495
3321A_2010_316_14_0480_RGB 46488.414220 -3709851.446920 5777.531910 0.759693 -3.026128 89.908390
3321A_2010_316_14_0481_RGB 46471.376030 -3708313.240470 5777.919600 0.835881 -2.873022 91.905133
3321A_2010_316_14_0482_RGB 46444.780710 -3706778.733580 5777.106990 -0.625850 1.816333 90.441606
3321A_2010_316_14_0483_RGB 46486.054740 -3705244.260410 5777.998690 -0.538367 1.354329 88.598611
3321A_2010_316_14_0484_RGB 46511.269990 -3703707.987980 5778.233290 0.365791 -1.968207 90.983586
3321A_2010_316_14_0485_RGB 46498.293210 -3702171.968280 5779.280980 -0.215381 1.160330 90.364335
3321A_2010_316_14_0486_RGB 46516.734210 -3700637.897550 5780.166280 0.509440 0.056134 89.868248
3321A_2010_316_14_0487_RGB 46534.974280 -3699103.161420 5781.134450 0.718662 -0.248256 89.926323
3321A_2010_316_14_0488_RGB 46542.675240 -3698333.527310 5780.656850 0.613866 -0.073701 90.016217
3321A_2010_316_14_0489_RGB 46549.086520 -3697565.614410 5779.996080 0.514208 0.029357 90.174701
3321A_2010_316_14_0490_RGB 46551.783330 -3696030.476500 5779.170320 0.552648 -0.214992 90.570591
3321A_2010_316_14_0491_RGB 46550.154290 -3694493.854450 5781.405690 0.223529 0.023356 90.678476
3321A_2010_316_14_0492_RGB 46541.322420 -3692957.425900 5782.743250 0.053138 -0.615057 91.368733
3321A_2010_316_14_0493_RGB 46505.441660 -3691422.057740 5780.187820 -0.261185 0.704449 91.582926
3321A_2010_316_14_0494_RGB 46513.639980 -3689886.820250 5781.825310 0.209900 1.489626 89.616743
3321A_2010_316_14_0495_RGB 46536.603510 -3688350.058330 5782.237250 0.686074 0.027227 89.858903
3321A_2010_316_14_0496_RGB 46551.396500 -3686815.001410 5783.230190 0.464661 -0.254344 90.170549
3321A_2010_316_14_0497_RGB 46565.392180 -3685277.227510 5783.328640 -0.437719 0.697051 89.871123
3321A_2010_316_14_0498_RGB 46594.331400 -3683742.808430 5780.889470 -0.666957 0.039867 89.422256
3321A_2010_316_14_0499_RGB 46606.205420 -3682207.742400 5782.714900 0.247624 -0.902659 90.635364
3321A_2010_316_14_0500_RGB 46596.768840 -3680671.527810 5780.249800 0.281398 0.041872 90.824764
3321A_2010_316_14_0501_RGB 46599.698600 -3679134.626530 5781.182530 0.506091 0.536411 90.151584
3321A_2010_316_14_0502_RGB 46602.627760 -3677599.575100 5783.186120 0.821988 -0.611716 90.845116
3321A_2010_316_14_0503_RGB 46595.532900 -3676061.950190 5782.920190 0.094148 1.087597 90.191580
3321A_2010_316_14_0504_RGB 46624.855830 -3674527.082880 5782.272540 0.047881 0.787360 88.993019
3321A_2010_316_14_0505_RGB 46650.777790 -3672990.652230 5784.580470 0.357384 -0.811232 90.080253
3321A_2010_316_14_0506_RGB 46655.921340 -3671455.237890 5784.571790 0.128212 0.120199 90.202500
3321A_2010_316_14_0507_RGB 46666.854080 -3669920.280440 5785.540820 0.344641 0.146942 90.111397
3321A_2010_316_14_0508_RGB 46677.523520 -3668383.113960 5785.945060 0.251694 -0.028469 90.140577
3321A_2010_316_14_0509_RGB 46686.247230 -3666847.564820 5787.848340 0.242652 0.085080 90.210055
3321A_2010_316_14_0510_RGB 46697.003190 -3665311.004780 5785.731720 0.372559 0.213822 90.064040
3321A_2010_316_14_0511_RGB 46707.664150 -3663772.717140 5787.824630 0.718841 -0.298686 90.354300
3321A_2010_316_14_0512_RGB 46705.087480 -3662235.304800 5788.634140 0.742789 -0.040101 90.680962
3321A_2010_316_14_0513_RGB 46706.620950 -3660699.207270 5789.529670 0.475402 0.430406 90.303470
3321A_2010_316_14_0514_RGB 46715.801020 -3659164.409810 5788.826200 0.668159 -0.065701 90.378150
3321A_2010_316_14_0515_RGB 46721.034240 -3657630.521250 5789.284120 0.639863 0.162310 90.333872
3321A_2010_316_14_0516_RGB 46722.591550 -3656094.018270 5787.559900 -0.012549 -0.025883 90.664581
3321A_2010_316_14_0517_RGB 46721.794690 -3654558.538190 5790.052190 -0.441337 -0.107825 90.621062
3321A_2010_316_14_0518_RGB 46715.584610 -3653022.723360 5791.797810 -0.127937 0.013970 90.765436
3321A_2010_316_14_0519_RGB 46715.049930 -3651487.414390 5791.197610 0.171299 0.257335 90.346829
3321A_2010_316_14_0520_RGB 46706.944650 -3649952.831300 5793.756250 0.522809 -0.053499 90.936656
