3322C_2010_322_01_0001_RGB -96409.919900 -3710159.644330 5476.758650 -0.196832 -0.023788 0.105520
3322C_2010_322_01_0002_RGB -94873.925540 -3710161.702710 5465.426620 -1.523753 -0.484960 1.533002
3322C_2010_322_01_0003_RGB -93338.722260 -3710169.787790 5475.972970 0.420646 -1.260864 0.089055
3322C_2010_322_01_0004_RGB -91803.311220 -3710165.666430 5495.805430 -2.397199 -1.362375 1.959853
3322C_2010_322_01_0005_RGB -90261.897220 -3710161.728660 5482.391650 2.290401 0.212105 0.313557
3322C_2010_322_01_0006_RGB -88731.147520 -3710164.897300 5474.878060 -0.488845 -0.081684 0.981525
3322C_2010_322_01_0007_RGB -87195.593980 -3710145.791670 5465.934580 -0.514357 -0.071877 1.757603
3322C_2010_322_01_0008_RGB -85660.049790 -3710124.745700 5448.623560 0.755570 0.340348 1.156441
3322C_2010_322_01_0009_RGB -84120.009670 -3710121.621630 5442.248330 0.060380 -0.387676 0.988895
3322C_2010_322_01_0010_RGB -82584.534870 -3710115.769370 5441.721960 0.599044 -0.740542 0.689938
3322C_2010_322_01_0011_RGB -81047.346730 -3710126.485800 5443.928130 0.782906 -0.672897 0.122702
3322C_2010_322_01_0012_RGB -79513.261500 -3710142.867110 5447.346080 -0.384607 -0.454359 0.428972
3322C_2010_322_01_0013_RGB -77979.056110 -3710126.680680 5449.951070 -0.989632 -0.230130 1.806431
3322C_2010_322_01_0014_RGB -76438.322260 -3710122.296280 5445.052610 1.264791 -0.041490 0.423559
3322C_2010_322_01_0015_RGB -74906.513800 -3710141.700650 5458.848410 1.177137 -0.832949 -0.317257
3322C_2010_322_01_0016_RGB -73371.266330 -3710145.494220 5470.927440 -2.085014 -0.893150 1.551985
3322C_2010_322_01_0017_RGB -71834.559000 -3710105.021280 5464.844640 1.920425 0.321153 1.631598
3322C_2010_322_01_0018_RGB -70297.796820 -3710087.102780 5438.696700 1.266272 0.639477 1.368348
3322C_2010_322_01_0019_RGB -68764.957890 -3710102.040640 5444.278810 2.197061 -0.987227 -0.476675
3322C_2010_322_01_0020_RGB -67227.076870 -3710145.816500 5472.664480 -1.416124 -1.462489 -0.208733
3322C_2010_322_01_0021_RGB -65691.569780 -3710155.603680 5467.476490 0.072240 0.069483 0.355058
3322C_2010_322_01_0022_RGB -64154.894680 -3710169.495800 5451.379260 0.102292 0.587118 0.181963
3322C_2010_322_01_0023_RGB -62618.761030 -3710183.930260 5446.777060 -0.044329 0.122459 0.332602
3322C_2010_322_01_0024_RGB -61081.920330 -3710179.960030 5448.021500 -0.862608 -0.118365 1.407267
3322C_2010_322_01_0025_RGB -59546.060420 -3710190.622990 5438.845780 1.410927 0.275214 -0.311993
3322C_2010_322_01_0026_RGB -58011.167900 -3710227.070010 5452.997220 -0.712388 -0.840458 -0.267861
3322C_2010_322_01_0027_RGB -56475.371930 -3710224.418250 5459.363600 -1.399953 -0.598603 1.509934
3322C_2010_322_01_0028_RGB -54938.071850 -3710215.521130 5459.472610 0.133344 -0.063151 1.027926
3322C_2010_322_01_0029_RGB -53403.780660 -3710190.871650 5458.822940 -1.457057 -0.044142 2.448251
3322C_2010_322_01_0030_RGB -51867.448840 -3710163.947210 5466.800200 1.254089 -0.212805 1.055197
3322C_2010_322_01_0031_RGB -50330.339390 -3710162.663610 5465.323950 1.268329 0.016129 0.518544
3322C_2010_322_01_0032_RGB -48795.104030 -3710173.397970 5469.688150 -0.057594 -0.331496 0.640860
3322C_2010_322_01_0033_RGB -47259.181370 -3710182.785650 5473.164280 0.087764 -0.263132 0.220696
3322C_2010_322_01_0034_RGB -45723.404850 -3710179.421640 5469.298380 -0.646640 0.016525 1.253346
3322C_2010_322_01_0035_RGB -44187.396330 -3710169.913490 5474.693080 -0.135500 -0.609764 1.115311
3322C_2010_322_01_0036_RGB -42651.642070 -3710156.304200 5481.568930 0.170284 -0.422244 1.167229
3322C_2010_322_02_0037_RGB -42654.058220 -3715111.184780 5455.542090 0.588067 -0.505289 179.886621
3322C_2010_322_02_0038_RGB -44189.418820 -3715130.579690 5459.885110 -0.145482 0.315127 -179.374956
3322C_2010_322_02_0039_RGB -45725.899560 -3715149.100120 5464.886780 -0.258362 -0.028202 -178.884456
3322C_2010_322_02_0040_RGB -47260.903460 -3715162.708910 5468.175420 -0.063971 0.627848 -179.662127
3322C_2010_322_02_0041_RGB -48797.423520 -3715157.344280 5471.896750 -1.078258 0.349880 179.026607
3322C_2010_322_02_0042_RGB -50333.657130 -3715185.065140 5464.115070 -2.061237 0.246911 -179.513385
3322C_2010_322_02_0043_RGB -51869.118470 -3715183.853590 5480.124180 -0.595838 0.728489 -179.900864
3322C_2010_322_02_0044_RGB -53405.556200 -3715149.525320 5479.938460 0.635257 -0.406512 179.191459
3322C_2010_322_02_0045_RGB -54942.207590 -3715146.387350 5484.557510 -0.788209 -0.117946 179.974299
3322C_2010_322_02_0046_RGB -56477.926640 -3715089.270280 5480.104670 0.504732 0.230775 178.383377
3322C_2010_322_02_0047_RGB -58014.565880 -3715116.464060 5492.588640 1.872228 0.386059 -177.205699
3322C_2010_322_02_0048_RGB -59550.174690 -3715155.625700 5479.206360 0.758015 0.211933 -177.870353
3322C_2010_322_02_0049_RGB -61086.670210 -3715191.729570 5464.397790 -1.816184 0.051540 -179.427462
3322C_2010_322_02_0050_RGB -62621.668700 -3715171.890660 5471.111900 0.816291 0.838716 -179.590641
3322C_2010_322_02_0051_RGB -64161.583130 -3715150.268650 5473.974590 0.630198 -0.117560 179.420167
3322C_2010_322_02_0052_RGB -65695.177050 -3715163.930900 5467.400300 -2.041804 -0.127164 179.716906
3322C_2010_322_02_0053_RGB -67233.257910 -3715159.120010 5463.630750 1.927287 0.113712 -177.953500
3322C_2010_322_02_0054_RGB -68766.757240 -3715178.600610 5466.471880 -0.741036 0.201873 -179.363765
3322C_2010_322_02_0055_RGB -70305.821840 -3715177.753960 5459.590190 -1.517579 -0.103663 179.739110
3322C_2010_322_02_0056_RGB -71840.102120 -3715156.281220 5466.219310 2.468518 0.207361 -178.329919
3322C_2010_322_02_0057_RGB -73373.520320 -3715143.069170 5469.372180 -2.409968 0.395970 177.896194
3322C_2010_322_02_0058_RGB -74912.218570 -3715097.199520 5479.920390 2.355450 0.243946 -179.015541
3322C_2010_322_02_0059_RGB -76446.419130 -3715125.326240 5478.669120 1.551799 0.051762 -177.679604
3322C_2010_322_02_0060_RGB -77983.600120 -3715141.724590 5481.189010 -0.509857 0.225931 179.957228
3322C_2010_322_02_0061_RGB -79517.768680 -3715142.973290 5485.020300 -1.396950 0.182751 179.114547
3322C_2010_322_02_0062_RGB -81054.921660 -3715148.874890 5478.595160 -0.630211 0.054012 -179.429565
3322C_2010_322_02_0063_RGB -82590.379230 -3715154.752530 5476.295520 1.239232 0.139839 -178.390495
3322C_2010_322_02_0064_RGB -84125.550740 -3715144.305770 5484.212770 0.624996 0.753355 179.962205
3322C_2010_322_02_0065_RGB -85663.613590 -3715161.737970 5485.144390 -1.989926 0.012795 179.810544
3322C_2010_322_02_0066_RGB -87196.901380 -3715142.264890 5479.261640 1.096013 0.455793 -179.102726
3322C_2010_322_02_0067_RGB -88734.032670 -3715153.593550 5498.380080 0.215194 0.418995 -179.233346
3322C_2010_322_02_0068_RGB -90270.318480 -3715166.806820 5492.490660 -1.856116 -0.551757 179.728286
3322C_2010_322_02_0069_RGB -91805.967060 -3715159.204720 5475.398260 2.342352 -0.074227 -178.066832
3322C_2010_322_02_0070_RGB -93342.525710 -3715147.560570 5493.094550 -3.265574 0.457740 177.419719
3322C_2010_322_02_0071_RGB -94877.545320 -3715117.930920 5472.483630 0.748817 0.198859 179.959033
3322C_2010_322_02_0072_RGB -96414.835320 -3715133.410910 5475.369250 2.457917 0.695799 -177.710654
3322C_2010_322_03_0073_RGB -42655.459220 -3720205.759030 5477.504880 1.415255 0.397250 179.164430
3322C_2010_322_03_0074_RGB -44190.293140 -3720214.976860 5478.626770 0.098127 0.036775 -179.161214
3322C_2010_322_03_0075_RGB -45726.062980 -3720204.850470 5471.443100 0.258542 0.015274 -179.744057
3322C_2010_322_03_0076_RGB -47264.993050 -3720222.919880 5477.825360 -1.832074 0.782771 -179.733041
3322C_2010_322_03_0077_RGB -48800.180610 -3720176.336310 5478.914810 -1.105654 -0.004399 178.040673
3322C_2010_322_03_0078_RGB -50337.324320 -3720134.144000 5479.837220 0.556982 -0.193531 179.369172
3322C_2010_322_03_0079_RGB -51870.943400 -3720133.706640 5467.806250 -0.106642 0.035447 -179.258078
3322C_2010_322_03_0080_RGB -53406.851620 -3720136.619340 5480.041700 -0.501314 0.479582 -179.541112
3322C_2010_322_03_0081_RGB -54943.028870 -3720129.244280 5484.747200 0.874014 -0.205062 -178.983796
3322C_2010_322_03_0082_RGB -56477.802640 -3720120.489580 5473.232040 -2.135085 0.112740 178.809504
3322C_2010_322_03_0083_RGB -58013.266770 -3720050.458250 5479.103760 1.123856 0.094884 178.641220
3322C_2010_322_03_0084_RGB -59550.198930 -3720070.865220 5480.699820 1.376325 0.144303 -177.651505
3322C_2010_322_03_0085_RGB -61085.590470 -3720100.499920 5481.335790 -0.237306 0.163647 -178.601547
3322C_2010_322_03_0086_RGB -62623.043120 -3720106.533370 5478.026180 1.557363 0.072313 -178.384070
3322C_2010_322_03_0087_RGB -64157.349640 -3720157.200490 5473.415640 -1.080921 0.149225 -178.187178
3322C_2010_322_03_0088_RGB -65694.754990 -3720156.388980 5466.070690 -2.707616 0.275373 178.987625
3322C_2010_322_03_0089_RGB -67229.990890 -3720096.029880 5466.413460 2.061511 0.546811 179.349192
3322C_2010_322_03_0090_RGB -68765.890660 -3720147.903870 5463.297090 0.940320 0.388095 -176.774885
3322C_2010_322_03_0091_RGB -70300.903680 -3720182.931070 5464.266320 -0.625715 0.857621 -178.565897
3322C_2010_322_03_0092_RGB -71836.949930 -3720195.564190 5465.701290 0.405552 1.037005 -178.847991
3322C_2010_322_03_0093_RGB -73372.617780 -3720205.673530 5464.339090 -0.938215 0.656702 -179.518709
3322C_2010_322_03_0094_RGB -74909.009000 -3720187.942640 5462.797980 -0.212787 0.030797 179.604248
3322C_2010_322_03_0095_RGB -76446.041640 -3720160.151610 5463.906470 -0.676098 0.056801 179.083051
3322C_2010_322_03_0096_RGB -77980.870640 -3720112.877070 5460.603520 -0.081988 0.394095 178.792820
3322C_2010_322_03_0097_RGB -79517.686360 -3720089.987200 5459.839960 0.500714 0.426684 179.925814
3322C_2010_322_03_0098_RGB -81054.498170 -3720074.525920 5460.819730 0.120399 0.332379 179.892439
3322C_2010_322_03_0099_RGB -82589.579290 -3720085.080290 5460.505350 0.522264 0.224722 -178.614264
3322C_2010_322_03_0100_RGB -84125.722850 -3720093.489470 5458.135930 -0.514465 0.142522 -179.489334
3322C_2010_322_03_0101_RGB -85662.554030 -3720103.689180 5459.406450 0.264549 0.026080 -178.821568
3322C_2010_322_03_0102_RGB -87200.980310 -3720109.814130 5460.348260 -0.556994 -0.100480 -179.542859
3322C_2010_322_03_0103_RGB -88734.129690 -3720135.324710 5456.754560 0.762211 -0.105867 -177.717898
3322C_2010_322_03_0104_RGB -90271.992890 -3720151.641500 5458.066390 -0.805096 0.739126 -179.643487
3322C_2010_322_03_0105_RGB -91807.030810 -3720166.108020 5454.371840 0.008620 0.786193 -178.886924
3322C_2010_322_03_0106_RGB -93344.460310 -3720162.091320 5453.693960 -0.380929 0.911758 179.996037
3322C_2010_322_03_0107_RGB -94877.678280 -3720168.944630 5453.983800 -1.048131 0.716690 -179.858120
3322C_2010_322_03_0108_RGB -96413.013060 -3720142.716090 5453.312810 0.668761 0.412007 -179.918250
3322C_2010_322_04_0109_RGB -96404.935670 -3725062.732940 5481.409530 1.404150 -0.239969 2.893769
3322C_2010_322_04_0110_RGB -94868.725010 -3725024.139660 5492.455860 0.848130 -0.388420 1.787692
3322C_2010_322_04_0111_RGB -93330.881850 -3725034.099880 5504.923840 0.363335 -0.570171 -0.015573
3322C_2010_322_04_0112_RGB -91798.476940 -3725016.221460 5510.679730 -2.392612 -0.646332 2.363779
3322C_2010_322_04_0113_RGB -90263.072100 -3725000.632830 5505.306740 3.059459 0.115770 0.212514
3322C_2010_322_04_0114_RGB -88727.768780 -3725040.603860 5501.238160 0.590824 -0.164838 -0.763079
3322C_2010_322_04_0115_RGB -87191.768150 -3725048.087910 5502.442230 -0.722957 -0.159787 0.626574
3322C_2010_322_04_0116_RGB -85655.062940 -3725063.433150 5505.071210 0.863076 0.049623 -0.341103
3322C_2010_322_04_0117_RGB -84119.998570 -3725075.576700 5511.650280 -1.183497 -0.406356 0.888684
3322C_2010_322_04_0118_RGB -82584.353290 -3725057.534060 5521.278180 1.148934 -0.304023 1.173566
3322C_2010_322_04_0119_RGB -81044.414150 -3725096.392240 5517.861650 0.668659 -0.172283 -1.171026
3322C_2010_322_04_0120_RGB -79509.482270 -3725094.172070 5512.244490 -1.248704 0.024370 1.287861
3322C_2010_322_04_0121_RGB -77978.433410 -3725087.781320 5490.419290 1.244265 0.447654 0.403115
3322C_2010_322_04_0122_RGB -76439.817150 -3725108.585730 5496.329270 0.087207 -0.522538 -0.029459
3322C_2010_322_04_0123_RGB -74900.259630 -3725103.453290 5497.645910 1.504943 -0.516159 0.395436
3322C_2010_322_04_0124_RGB -73368.080710 -3725128.902510 5492.167200 -0.883023 -0.696369 0.208964
3322C_2010_322_04_0125_RGB -71828.191350 -3725108.670520 5482.488110 0.547853 -0.274289 1.787243
3322C_2010_322_04_0126_RGB -70294.686320 -3725115.025870 5477.550120 0.203888 -0.598419 0.375417
3322C_2010_322_04_0127_RGB -68758.501290 -3725121.140160 5480.407900 3.192513 -0.371749 -0.777527
3322C_2010_322_04_0128_RGB -67223.223450 -3725148.128900 5481.910330 -1.284790 -0.756686 0.467499
3322C_2010_322_04_0129_RGB -65687.342210 -3725154.373290 5473.974810 2.157581 -0.056785 -0.558467
3322C_2010_322_04_0130_RGB -64151.957260 -3725204.501230 5459.250490 1.070792 0.409645 -1.419071
3322C_2010_322_04_0131_RGB -62616.302790 -3725237.415020 5460.948800 -0.753340 -0.274113 -0.342319
3322C_2010_322_04_0132_RGB -61079.346770 -3725254.231680 5470.831960 -1.264085 -0.564599 0.466606
3322C_2010_322_04_0133_RGB -59543.872220 -3725235.681410 5481.881630 -1.102002 -0.681975 1.884843
3322C_2010_322_04_0134_RGB -58008.845070 -3725210.329710 5479.773030 0.476652 -0.291856 1.382529
3322C_2010_322_04_0135_RGB -56472.626960 -3725189.207030 5468.816880 -0.664234 -0.198003 1.865725
3322C_2010_322_04_0136_RGB -54936.595050 -3725157.727640 5454.099120 0.853600 0.123871 1.511194
3322C_2010_322_04_0137_RGB -53399.521020 -3725173.710300 5446.477040 3.052978 0.264786 -1.087619
3322C_2010_322_04_0138_RGB -51863.856810 -3725227.706810 5438.776120 0.609130 -0.244286 -1.286597
3322C_2010_322_04_0139_RGB -50328.766470 -3725264.945690 5432.472660 -0.796301 -0.313837 -0.419254
3322C_2010_322_04_0140_RGB -48793.579760 -3725264.026090 5440.018030 -1.005062 -1.200517 1.030966
3322C_2010_322_04_0141_RGB -47256.504130 -3725250.861250 5452.322500 0.962969 -0.805118 0.756095
3322C_2010_322_04_0142_RGB -45720.273890 -3725266.038870 5449.782290 -0.511006 -0.375613 0.233406
3322C_2010_322_04_0143_RGB -44185.500370 -3725264.978240 5449.940430 -2.124615 -0.442486 1.615513
3322C_2010_322_04_0144_RGB -42648.489730 -3725210.008740 5458.685570 -1.854053 -0.793509 3.468405
3322C_2010_322_05_0145_RGB -96407.356380 -3729948.924470 5482.123380 0.605359 -0.864245 0.570695
3322C_2010_322_05_0146_RGB -94871.729770 -3729947.288590 5483.459320 0.514837 -0.321682 0.502042
3322C_2010_322_05_0147_RGB -93337.874930 -3729937.592860 5486.807850 -0.246886 -0.309491 1.213352
3322C_2010_322_05_0148_RGB -91801.384840 -3729929.337470 5485.118460 0.512331 0.104562 0.551760
3322C_2010_322_05_0149_RGB -90263.631970 -3729947.488310 5485.750770 0.826344 0.167262 -0.455898
3322C_2010_322_05_0150_RGB -88728.926970 -3729984.155440 5485.792350 0.529616 0.132571 -0.889993
3322C_2010_322_05_0151_RGB -87193.541100 -3730010.323620 5485.354400 -1.216708 0.031622 0.163883
3322C_2010_322_05_0152_RGB -85659.134900 -3730001.611330 5485.797700 -1.533087 -0.197763 1.557814
3322C_2010_322_05_0153_RGB -84124.464370 -3729969.414630 5485.036620 -0.380702 -0.259966 2.045780
3322C_2010_322_05_0154_RGB -82587.757950 -3729951.063970 5486.773700 1.473700 -0.198651 0.766822
3322C_2010_322_05_0155_RGB -81051.850450 -3729966.252290 5483.451800 0.875717 -0.274668 -0.146778
3322C_2010_322_05_0156_RGB -79514.487100 -3729985.497690 5485.552980 -0.134961 -0.468585 0.144022
3322C_2010_322_05_0157_RGB -77979.050400 -3729981.809020 5483.903860 -0.805429 -0.290354 1.237729
3322C_2010_322_05_0158_RGB -76438.216870 -3729956.653620 5485.932330 -0.443763 -0.168783 1.848172
3322C_2010_322_05_0159_RGB -74906.610620 -3729930.557400 5484.892860 0.477803 0.257697 1.478138
3322C_2010_322_05_0160_RGB -73367.394960 -3729924.905860 5485.513700 1.031405 0.140274 0.540972
3322C_2010_322_05_0161_RGB -71831.244000 -3729948.416810 5483.442430 1.015548 0.053375 -0.442761
3322C_2010_322_05_0162_RGB -70298.469770 -3729974.545830 5484.776260 -0.155575 -0.217704 -0.023093
3322C_2010_322_05_0163_RGB -68759.100820 -3729986.526910 5484.115800 -0.217570 -0.261882 0.356493
3322C_2010_322_05_0164_RGB -67222.736890 -3730000.077380 5485.555930 0.587584 -0.192870 -0.034105
3322C_2010_322_05_0165_RGB -65688.898370 -3730019.784360 5484.881970 -0.657840 -0.124707 0.241414
3322C_2010_322_05_0166_RGB -64150.421240 -3730009.527630 5486.484600 -1.814650 -0.575273 1.857586
3322C_2010_322_05_0167_RGB -62617.329310 -3729965.744990 5485.267810 -0.740750 -0.413056 2.562271
3322C_2010_322_05_0168_RGB -61082.804490 -3729931.266460 5485.841680 1.254559 -0.336696 1.603106
3322C_2010_322_05_0169_RGB -59547.799960 -3729930.274640 5486.212440 1.419620 -0.217465 0.393384
3322C_2010_322_05_0170_RGB -58010.111800 -3729957.718970 5483.679140 1.273631 -0.338079 -0.576034
3322C_2010_322_05_0171_RGB -56475.013650 -3730003.473170 5486.128030 0.533953 -0.549766 -0.985711
3322C_2010_322_05_0172_RGB -54938.626070 -3730035.915340 5483.858200 -1.061766 -0.588449 0.164837
3322C_2010_322_05_0173_RGB -53401.646000 -3730031.772560 5484.813660 -1.428623 -0.575101 1.297543
3322C_2010_322_05_0174_RGB -51866.126090 -3730001.026320 5486.293020 -0.688179 -0.407623 2.105829
3322C_2010_322_05_0175_RGB -50329.825700 -3729968.950120 5487.024240 0.725381 -0.284237 1.534995
3322C_2010_322_05_0176_RGB -48794.813930 -3729955.470960 5485.358270 0.489495 -0.338765 1.186391
3322C_2010_322_05_0177_RGB -47258.415820 -3729952.206710 5486.294830 0.671841 -0.467145 0.684728
3322C_2010_322_05_0178_RGB -45722.888740 -3729956.017750 5487.392790 0.324259 -0.368015 0.592521
3322C_2010_322_05_0179_RGB -44186.846030 -3729961.621070 5486.208510 0.194509 -0.100546 0.522819
3322C_2010_322_05_0180_RGB -42649.848720 -3729966.918460 5487.225400 0.084522 -0.000956 0.555713
3322C_2010_322_06_0181_RGB -96409.872870 -3734828.501860 5486.588440 0.533378 0.392689 3.660080
3322C_2010_322_06_0182_RGB -94874.480190 -3734782.935050 5494.820210 3.425468 -0.471171 1.661598
3322C_2010_322_06_0183_RGB -93336.983500 -3734755.398940 5477.256870 2.948219 0.404617 1.422087
3322C_2010_322_06_0184_RGB -91801.668300 -3734758.638640 5457.298650 1.977810 -0.172770 0.821944
3322C_2010_322_06_0185_RGB -90265.918050 -3734770.905710 5461.175280 0.762796 -0.979659 0.460655
3322C_2010_322_06_0186_RGB -88730.386580 -3734771.937780 5457.468240 0.215417 -0.610086 0.777507
3322C_2010_322_06_0187_RGB -87192.933450 -3734760.674850 5463.444240 0.491206 -0.378079 0.689213
3322C_2010_322_06_0188_RGB -85656.328050 -3734773.989200 5462.822420 1.241368 -0.210234 -0.333065
3322C_2010_322_06_0189_RGB -84121.302070 -3734807.296680 5465.284420 0.841016 -0.529541 -0.892885
3322C_2010_322_06_0190_RGB -82586.072040 -3734851.786010 5463.737890 -0.121741 -0.327376 -0.940062
3322C_2010_322_06_0191_RGB -81047.245090 -3734869.370870 5467.213750 -1.534369 -0.458677 0.642201
3322C_2010_322_06_0192_RGB -79512.834750 -3734850.113050 5465.431860 -1.216021 -0.285547 1.812097
3322C_2010_322_06_0193_RGB -77977.410670 -3734816.438790 5468.121770 -0.239731 -0.456608 1.858271
3322C_2010_322_06_0194_RGB -76442.299420 -3734795.954540 5466.947190 1.231311 -0.519226 0.804616
3322C_2010_322_06_0195_RGB -74905.889570 -3734805.680380 5467.966280 1.335834 -0.563953 -0.197296
3322C_2010_322_06_0196_RGB -73369.133110 -3734842.983290 5468.493800 1.629770 -0.653388 -1.319517
3322C_2010_322_06_0197_RGB -71828.066710 -3734893.943870 5468.093730 -0.277511 -0.399001 -0.915046
3322C_2010_322_06_0198_RGB -70295.890600 -3734912.598420 5467.738110 -1.430303 -0.308977 0.362665
3322C_2010_322_06_0199_RGB -68761.125920 -3734902.958310 5468.086870 -1.253438 -0.376092 1.407400
3322C_2010_322_06_0200_RGB -67220.294710 -3734877.431580 5466.631650 -0.031327 -0.074220 1.461755
3322C_2010_322_06_0201_RGB -65684.151050 -3734870.366230 5467.435650 1.021108 -0.208807 0.355005
3322C_2010_322_06_0202_RGB -64147.106160 -3734884.557170 5467.775530 -0.024647 -0.143539 0.263743
3322C_2010_322_06_0203_RGB -62618.125540 -3734877.374290 5466.719500 -0.917377 -0.193096 1.415117
3322C_2010_322_06_0204_RGB -61078.515290 -3734848.156740 5468.170170 -0.104491 -0.220226 1.760591
3322C_2010_322_06_0205_RGB -59543.345440 -3734837.790450 5466.692270 1.970080 0.006679 0.243616
3322C_2010_322_06_0206_RGB -58005.423900 -3734872.695180 5466.583200 1.683158 -0.067134 -1.253725
3322C_2010_322_06_0207_RGB -56470.744990 -3734923.091230 5466.074960 -0.725072 -0.299030 -0.796287
3322C_2010_322_06_0208_RGB -54937.789040 -3734921.742420 5466.945560 -2.603280 -0.571968 1.695204
3322C_2010_322_06_0209_RGB -53402.014410 -3734859.775450 5465.256060 -1.921644 -0.444449 3.556627
3322C_2010_322_06_0210_RGB -51865.479770 -3734786.946050 5465.478430 1.027738 0.057540 2.843594
3322C_2010_322_06_0211_RGB -50328.623580 -3734762.668950 5464.714430 2.157780 0.078976 0.758267
3322C_2010_322_06_0212_RGB -48793.572100 -3734778.646810 5464.518350 1.570154 -0.092820 -0.393944
3322C_2010_322_06_0213_RGB -47256.746470 -3734816.218280 5464.789830 0.900584 -0.190823 -0.990453
3322C_2010_322_06_0214_RGB -45720.911870 -3734835.690170 5463.012050 -1.508193 -0.452083 0.618759
3322C_2010_322_06_0215_RGB -44185.748250 -3734812.791060 5462.908830 -1.401450 -0.428172 1.923571
3322C_2010_322_06_0216_RGB -42650.122610 -3734780.630610 5464.428870 0.564055 0.006019 1.312520
3322C_2010_322_07_0217_RGB -42654.943060 -3739759.432680 5473.643620 -1.367496 0.103053 -179.792002
3322C_2010_322_07_0218_RGB -44192.995880 -3739725.341350 5484.009020 -0.515867 0.289730 178.920141
3322C_2010_322_07_0219_RGB -45727.410040 -3739669.019500 5479.317540 1.042325 -0.075187 179.131342
3322C_2010_322_07_0220_RGB -47261.627730 -3739628.131100 5467.495100 0.014720 -0.311321 178.683142
3322C_2010_322_07_0221_RGB -48799.558260 -3739597.603530 5470.089410 -0.151534 0.161955 179.177368
3322C_2010_322_07_0222_RGB -50333.953820 -3739589.458520 5467.947780 1.091754 0.037496 -178.895577
3322C_2010_322_07_0223_RGB -51870.310650 -3739604.430760 5465.054390 0.699061 -0.150894 -178.645399
3322C_2010_322_07_0224_RGB -53406.186560 -3739649.598930 5455.606740 -0.074483 -0.023210 -177.608971
3322C_2010_322_07_0225_RGB -54941.819270 -3739679.412560 5463.790630 -1.077528 0.420481 -179.238244
3322C_2010_322_07_0226_RGB -56478.009990 -3739677.457310 5461.319750 -0.370942 -0.219496 -179.843581
3322C_2010_322_07_0227_RGB -58013.189700 -3739638.948840 5453.321330 -2.882815 0.265081 177.133384
3322C_2010_322_07_0228_RGB -59550.487160 -3739580.505380 5450.518880 0.636347 0.042409 178.914244
3322C_2010_322_07_0229_RGB -61086.020840 -3739581.107480 5442.653910 0.821258 -0.123816 -178.650895
3322C_2010_322_07_0230_RGB -62621.669280 -3739612.971740 5437.611960 1.400360 0.169530 -177.317871
3322C_2010_322_07_0231_RGB -64158.431220 -3739671.400630 5434.256020 -1.282465 0.257089 -178.291254
3322C_2010_322_07_0232_RGB -65692.895230 -3739685.186010 5427.760410 -0.801269 0.117281 -179.292573
3322C_2010_322_07_0233_RGB -67229.702800 -3739658.380290 5449.616400 -2.499801 1.357626 178.016146
3322C_2010_322_07_0234_RGB -68765.384610 -3739563.995920 5463.520070 0.822111 0.393833 177.649207
3322C_2010_322_07_0235_RGB -70302.124820 -3739544.453920 5458.777780 2.144933 -0.554466 -178.868284
3322C_2010_322_07_0236_RGB -71837.637920 -3739606.226790 5458.987900 -1.281001 0.063331 -178.065165
3322C_2010_322_07_0237_RGB -73374.554830 -3739636.088290 5461.679970 -0.051388 0.080198 -178.451799
3322C_2010_322_07_0238_RGB -74909.818070 -3739655.963730 5458.279390 -0.444396 0.276404 -178.862069
3322C_2010_322_07_0239_RGB -76445.033310 -3739636.466700 5453.726930 -1.789240 0.725105 178.635568
3322C_2010_322_07_0240_RGB -77981.903880 -3739589.539440 5445.232820 2.852713 -0.088625 -179.623028
3322C_2010_322_07_0241_RGB -79521.927040 -3739605.248350 5427.503320 -2.055669 -0.132131 179.464063
3322C_2010_322_07_0242_RGB -81056.807700 -3739587.442970 5435.422780 0.685417 0.749750 -179.545561
3322C_2010_322_07_0243_RGB -82593.523870 -3739566.523150 5438.814840 -0.125178 0.303817 179.431021
3322C_2010_322_07_0244_RGB -84129.342490 -3739554.329590 5445.136990 -0.643542 0.428432 179.703648
3322C_2010_322_07_0245_RGB -85665.223400 -3739571.024060 5453.845250 1.744703 0.408211 -177.617547
3322C_2010_322_07_0246_RGB -87199.122340 -3739612.330200 5454.158800 -0.993929 0.308505 -178.874088
3322C_2010_322_07_0247_RGB -88735.229150 -3739645.847210 5458.499350 0.553432 0.460062 -177.569222
3322C_2010_322_07_0248_RGB -90269.777900 -3739694.653600 5445.274870 -1.302153 0.718300 -178.644642
3322C_2010_322_07_0249_RGB -91805.806770 -3739702.801370 5452.016310 -0.476875 0.593254 -179.330001
3322C_2010_322_07_0250_RGB -93340.784210 -3739700.661330 5451.161530 0.526297 0.500731 -179.420377
3322C_2010_322_07_0251_RGB -94877.521450 -3739747.489680 5464.090830 0.526471 0.344398 -176.867925
3322C_2010_322_07_0252_RGB -96414.115290 -3739785.365420 5469.205770 -1.559796 -0.171410 -179.290539
3322C_2010_322_08_0253_RGB -96405.384830 -3744401.091670 5622.388910 1.955700 1.045945 0.355262
3322C_2010_322_08_0254_RGB -94868.598040 -3744428.325320 5632.320210 1.601461 0.413407 -0.984050
3322C_2010_322_08_0255_RGB -93328.503750 -3744472.931550 5640.160030 0.617899 -0.280690 -1.294238
3322C_2010_322_08_0256_RGB -91797.797050 -3744505.653770 5647.702830 -0.955325 -0.793616 -0.434545
3322C_2010_322_08_0257_RGB -90262.701550 -3744522.329730 5654.633350 -0.354035 -0.803594 0.048195
3322C_2010_322_08_0258_RGB -88722.000530 -3744554.562770 5659.971770 1.019509 -0.682010 -1.200889
3322C_2010_322_08_0259_RGB -87190.979840 -3744578.051710 5663.565870 -1.632881 -0.522626 0.441293
3322C_2010_322_08_0260_RGB -85655.476590 -3744590.562270 5655.000550 0.791695 0.314429 -0.182693
3322C_2010_322_08_0261_RGB -84120.351460 -3744612.309910 5652.384640 -0.691944 0.274937 0.140875
3322C_2010_322_08_0262_RGB -82581.591440 -3744606.958240 5658.171780 -0.521369 0.073266 1.005281
3322C_2010_322_08_0263_RGB -81042.519140 -3744585.048750 5654.653890 -0.575848 0.187464 1.642594
3322C_2010_322_08_0264_RGB -79507.708910 -3744563.228540 5659.840270 0.050217 -0.177576 1.516903
3322C_2010_322_08_0265_RGB -77974.729410 -3744540.688400 5659.458460 0.137803 -0.150877 1.489478
3322C_2010_322_08_0266_RGB -76440.920810 -3744524.040470 5651.272510 0.587396 0.078385 1.019815
3322C_2010_322_08_0267_RGB -74902.558810 -3744509.600340 5643.904920 0.122840 0.231433 1.199886
3322C_2010_322_08_0268_RGB -73368.909200 -3744517.479470 5641.809020 2.457042 -0.042028 -0.616189
3322C_2010_322_08_0269_RGB -71832.164180 -3744572.462470 5631.442470 0.928876 0.206084 -1.754204
3322C_2010_322_08_0270_RGB -70295.906990 -3744600.748100 5630.620010 -2.799473 0.091275 0.643611
3322C_2010_322_08_0271_RGB -68760.489650 -3744579.512280 5629.125750 -0.009285 -0.089334 1.260717
3322C_2010_322_08_0272_RGB -67224.382840 -3744572.583730 5622.271910 0.372240 -0.274193 0.775018
3322C_2010_322_08_0273_RGB -65688.858030 -3744548.889220 5617.943560 -1.765780 -0.634390 2.113648
3322C_2010_322_08_0274_RGB -64153.000940 -3744491.415020 5612.333580 -0.338646 -0.449384 2.854226
3322C_2010_322_08_0275_RGB -62618.542440 -3744454.073160 5607.625040 1.549091 -0.349874 1.568926
3322C_2010_322_08_0276_RGB -61080.178830 -3744432.047240 5624.493270 -0.012741 -0.979303 1.683615
3322C_2010_322_08_0277_RGB -59544.607220 -3744408.842920 5634.643940 1.804316 -0.417797 0.777184
3322C_2010_322_08_0278_RGB -58008.468400 -3744435.865950 5634.114670 1.809664 0.135735 -0.915907
3322C_2010_322_08_0279_RGB -56473.172190 -3744464.751100 5631.714950 -0.851550 -0.366849 0.073392
3322C_2010_322_08_0280_RGB -54937.234500 -3744463.036010 5629.959750 -1.034047 -0.500013 1.087574
3322C_2010_322_08_0281_RGB -53401.455790 -3744463.906020 5624.058250 0.025246 -0.218457 0.430910
3322C_2010_322_08_0282_RGB -51864.211020 -3744454.209250 5612.532370 0.492797 0.022037 0.762989
3322C_2010_322_08_0283_RGB -50327.946350 -3744449.660360 5616.982410 -0.267230 -0.604512 0.988148
3322C_2010_322_08_0284_RGB -48793.260220 -3744456.826760 5611.036510 1.530668 -0.270489 -0.195625
3322C_2010_322_08_0285_RGB -47257.347360 -3744501.703860 5617.868840 1.198932 -0.516739 -1.363748
3322C_2010_322_08_0286_RGB -45721.371360 -3744536.846900 5615.585660 -0.593311 -0.200576 -0.534840
3322C_2010_322_08_0287_RGB -44183.809360 -3744546.620030 5616.058190 -0.379937 -0.258949 0.357600
3322C_2010_322_08_0288_RGB -42648.816560 -3744534.149640 5624.227510 -1.401854 -0.641444 1.644796
3322C_2010_322_09_0289_RGB -42656.697050 -3749306.686840 5760.978190 1.634503 0.216487 -178.993693
3322C_2010_322_09_0290_RGB -44191.576440 -3749349.940650 5759.475570 1.304504 0.219070 -176.969317
3322C_2010_322_09_0291_RGB -45729.082460 -3749388.038530 5761.086710 -1.116242 0.467600 -178.772099
3322C_2010_322_09_0292_RGB -47264.600490 -3749395.261530 5760.269390 -0.350703 0.403557 -179.410399
3322C_2010_322_09_0293_RGB -48799.637830 -3749403.157180 5760.560250 -0.050494 0.224727 -179.086520
3322C_2010_322_09_0294_RGB -50336.190990 -3749398.341880 5760.873050 -0.496216 0.247473 179.932867
3322C_2010_322_09_0295_RGB -51873.179370 -3749374.941730 5759.007870 -0.418630 0.381206 179.392895
3322C_2010_322_09_0296_RGB -53408.636140 -3749334.257400 5759.421410 -0.247956 0.333226 178.911254
3322C_2010_322_09_0297_RGB -54944.019990 -3749312.923350 5759.381030 1.043515 0.164671 -179.561103
3322C_2010_322_09_0298_RGB -56479.448160 -3749316.484400 5759.626960 0.002729 0.495492 -179.438073
3322C_2010_322_09_0299_RGB -58015.615620 -3749324.499180 5759.652040 0.063885 0.671609 -179.156896
3322C_2010_322_09_0300_RGB -59551.766020 -3749344.951480 5761.139680 0.477394 0.516636 -178.380235
3322C_2010_322_09_0301_RGB -61088.261070 -3749359.512410 5760.517230 -1.007307 0.463611 -179.828272
3322C_2010_322_09_0302_RGB -62624.907090 -3749341.555980 5763.286570 -0.338071 0.305895 179.692118
3322C_2010_322_09_0303_RGB -64161.256100 -3749321.999390 5762.416640 -0.583338 0.112150 179.669892
3322C_2010_322_09_0304_RGB -65697.592100 -3749291.884990 5761.189870 0.543805 0.007819 179.804743
3322C_2010_322_09_0305_RGB -67235.752810 -3749291.392950 5762.467460 0.094274 0.002498 -179.443343
3322C_2010_322_09_0306_RGB -68772.031550 -3749291.108730 5762.258820 0.146599 0.030985 -179.432845
3322C_2010_322_09_0307_RGB -70307.971190 -3749313.819330 5760.926610 0.554357 -0.180574 -178.349416
3322C_2010_322_09_0308_RGB -71843.327580 -3749360.211600 5760.493400 -0.677794 -0.261089 -178.084095
3322C_2010_322_09_0309_RGB -73379.202280 -3749373.592840 5760.791610 -0.393760 -0.173807 -179.153272
3322C_2010_322_09_0310_RGB -74913.618010 -3749384.603870 5759.990730 -0.053680 -0.133091 -179.043415
3322C_2010_322_09_0311_RGB -76450.325970 -3749389.262900 5759.908050 -0.689881 0.136703 -179.751359
3322C_2010_322_09_0312_RGB -77984.721180 -3749375.648270 5759.101030 -0.354079 0.202204 179.829498
3322C_2010_322_09_0313_RGB -79520.367170 -3749357.469620 5758.209070 -0.310947 0.191626 179.781775
3322C_2010_322_09_0314_RGB -80289.101990 -3749342.264410 5758.937340 -0.664444 0.289047 179.355830
3322C_2010_322_09_0315_RGB -81056.143160 -3749324.239010 5756.901870 0.174170 0.121997 179.251795
3322C_2010_322_09_0316_RGB -82592.725910 -3749335.580090 5759.267430 1.393671 0.159046 -177.936054
3322C_2010_322_09_0317_RGB -84128.112420 -3749371.710270 5758.253360 -0.450983 0.150149 -178.468459
3322C_2010_322_09_0318_RGB -85664.930440 -3749383.280520 5756.873970 -0.278341 0.371021 -179.094423
3322C_2010_322_09_0319_RGB -87199.168680 -3749382.270860 5757.094020 -0.616726 0.640441 -179.906315
3322C_2010_322_09_0320_RGB -88736.062800 -3749374.256720 5757.671940 0.023996 0.578636 -179.739703
3322C_2010_322_09_0321_RGB -90272.977830 -3749357.580780 5758.263310 -0.872080 0.586870 179.386049
3322C_2010_322_09_0322_RGB -91808.992220 -3749348.358030 5758.183530 1.135614 0.325468 -178.980526
3322C_2010_322_09_0323_RGB -93344.006310 -3749369.672400 5758.621340 -0.322214 0.342578 -178.864336
3322C_2010_322_09_0324_RGB -94880.432890 -3749375.278440 5759.535130 -0.261735 0.221715 -179.333216
3322C_2010_322_09_0325_RGB -96416.417520 -3749377.176050 5759.703920 -0.166764 0.045380 -179.214691
3322C_2010_322_10_0326_RGB -96406.925360 -3754173.434750 5583.390900 -2.213299 -0.636320 1.723390
3322C_2010_322_10_0327_RGB -94871.850820 -3754152.679610 5582.094890 -1.422098 -0.630938 1.097816
3322C_2010_322_10_0328_RGB -93338.377000 -3754146.506950 5582.618150 -1.141510 -0.722195 0.300454
3322C_2010_322_10_0329_RGB -91799.923820 -3754166.784400 5580.323360 -0.810432 -0.517115 -0.654228
3322C_2010_322_10_0330_RGB -90265.887800 -3754185.596390 5581.585220 -1.175996 -0.614234 0.384076
3322C_2010_322_10_0331_RGB -88729.583330 -3754185.165590 5580.890300 0.086795 -0.392227 0.526787
3322C_2010_322_10_0332_RGB -87193.698910 -3754194.567810 5581.643870 0.214078 -0.419700 0.201887
3322C_2010_322_10_0333_RGB -85659.030320 -3754200.465520 5581.480930 -0.250619 -0.311533 0.472356
3322C_2010_322_10_0334_RGB -84123.340620 -3754204.832440 5582.487320 0.322349 -0.242930 0.292372
3322C_2010_322_10_0335_RGB -82586.617430 -3754218.330760 5583.589210 0.550128 -0.252303 0.093635
3322C_2010_322_10_0336_RGB -81051.523930 -3754228.595160 5583.608850 -0.684995 -0.480849 0.663380
3322C_2010_322_10_0337_RGB -79515.629710 -3754203.072900 5582.374920 -1.145161 -0.577258 2.058809
3322C_2010_322_10_0338_RGB -77977.129410 -3754165.414290 5582.564850 0.613339 -0.632330 1.970327
3322C_2010_322_10_0339_RGB -76443.492470 -3754152.934550 5582.562350 1.280442 -0.511148 0.738533
3322C_2010_322_10_0340_RGB -74906.664300 -3754170.412220 5585.077620 0.834610 -0.645981 -0.300781
3322C_2010_322_10_0341_RGB -73371.044860 -3754180.891220 5583.865060 -0.885992 -0.671239 0.798989
3322C_2010_322_10_0342_RGB -71835.707210 -3754160.472890 5584.093840 -0.932169 -0.469121 1.746841
3322C_2010_322_10_0343_RGB -70299.048080 -3754125.271290 5585.237560 0.108336 -0.253622 1.912627
3322C_2010_322_10_0344_RGB -68764.186160 -3754109.958970 5584.834740 1.264232 -0.023101 0.648872
3322C_2010_322_10_0345_RGB -67226.390860 -3754117.910530 5586.657020 0.605938 -0.027924 0.154043
3322C_2010_322_10_0346_RGB -65691.753320 -3754133.938800 5586.006410 0.357716 0.129879 0.009270
3322C_2010_322_10_0347_RGB -64154.433330 -3754131.578710 5586.365980 -1.608322 -0.049542 1.477769
3322C_2010_322_10_0348_RGB -62619.779110 -3754094.417000 5587.931780 0.460025 0.336413 1.811201
3322C_2010_322_10_0349_RGB -61083.446950 -3754080.014420 5586.226240 0.794895 0.510027 0.748095
3322C_2010_322_10_0350_RGB -59546.807070 -3754086.840880 5587.055340 1.559409 0.478396 -0.212920
3322C_2010_322_10_0351_RGB -58010.876330 -3754117.603130 5587.021050 0.875266 0.202407 -0.801788
3322C_2010_322_10_0352_RGB -56475.650380 -3754148.643060 5586.671760 -0.729985 0.068795 -0.158540
3322C_2010_322_10_0353_RGB -54940.786430 -3754154.104830 5588.226390 -0.636783 -0.055791 0.479257
3322C_2010_322_10_0354_RGB -53402.487180 -3754139.885060 5587.048060 -0.758558 -0.002454 1.268227
3322C_2010_322_10_0355_RGB -51866.867680 -3754131.826580 5589.006100 1.079823 0.064700 0.496079
3322C_2010_322_10_0356_RGB -50327.132680 -3754150.337300 5588.046610 1.052957 -0.123062 -0.289738
3322C_2010_322_10_0357_RGB -49558.846710 -3754165.561580 5589.057730 0.795674 -0.274613 -0.549346
3322C_2010_322_10_0358_RGB -48791.039440 -3754184.319960 5589.500750 0.918009 -0.318491 -0.903475
3322C_2010_322_10_0359_RGB -47258.704970 -3754219.645280 5587.195970 -0.549044 -0.399829 -0.309075
3322C_2010_322_10_0360_RGB -45722.691180 -3754231.060380 5589.394500 -1.038091 -0.480980 0.784360
3322C_2010_322_10_0361_RGB -44182.807780 -3754210.105730 5588.522200 -1.638712 -0.422349 1.997240
3322C_2010_322_10_0362_RGB -42650.034580 -3754159.616900 5588.414150 -1.092197 -0.418417 2.840455
3322C_2010_322_11_0363_RGB -96409.228670 -3758923.094170 5152.894990 0.676007 -0.318322 0.464667
3322C_2010_322_11_0364_RGB -94873.183360 -3758922.808960 5152.636260 -0.586769 -0.383042 0.465841
3322C_2010_322_11_0365_RGB -93337.610190 -3758922.928780 5154.839910 -0.369980 -0.295752 0.222017
3322C_2010_322_11_0366_RGB -91800.435310 -3758932.612600 5154.502350 0.197005 -0.113440 -0.078933
3322C_2010_322_11_0367_RGB -90266.370480 -3758952.384050 5153.831550 -0.130550 -0.191291 -0.193778
3322C_2010_322_11_0368_RGB -88727.974520 -3758970.529190 5155.241400 -0.267283 -0.187385 -0.041452
3322C_2010_322_11_0369_RGB -87193.214550 -3758977.108260 5154.732660 -0.762845 -0.264217 0.615241
3322C_2010_322_11_0370_RGB -85657.470440 -3758965.339320 5155.169250 -0.603077 -0.236420 1.223664
3322C_2010_322_11_0371_RGB -84121.250760 -3758944.193180 5153.819750 -0.315636 -0.046211 1.473736
3322C_2010_322_11_0372_RGB -82585.798310 -3758924.803000 5155.439050 0.837662 -0.015047 0.968396
3322C_2010_322_11_0373_RGB -81048.923250 -3758918.340510 5156.299350 0.186864 -0.329577 0.995368
3322C_2010_322_11_0374_RGB -79512.866360 -3758911.523080 5156.090950 0.570496 -0.424394 0.609524
3322C_2010_322_11_0375_RGB -77976.621350 -3758911.793450 5155.046100 -0.062829 -0.332547 0.705777
3322C_2010_322_11_0376_RGB -76442.082680 -3758902.544590 5154.201320 0.143386 0.153794 0.911176
3322C_2010_322_11_0377_RGB -74905.625550 -3758895.865270 5153.646580 -0.034438 0.054749 0.828223
3322C_2010_322_11_0378_RGB -73370.268570 -3758896.396870 5155.850740 1.042124 -0.332792 0.245325
3322C_2010_322_11_0379_RGB -71832.909050 -3758913.167600 5156.573690 0.714636 -0.513516 -0.310788
3322C_2010_322_11_0380_RGB -70296.682380 -3758925.796080 5156.260940 -0.106896 -0.030467 0.236087
3322C_2010_322_11_0381_RGB -68761.035480 -3758938.279300 5155.261230 -0.245904 0.016317 0.169959
3322C_2010_322_11_0382_RGB -67224.736610 -3758945.862740 5159.155490 0.170110 -0.578536 0.130711
3322C_2010_322_11_0383_RGB -65688.133150 -3758952.156820 5156.725520 -0.006130 -0.357982 0.460160
3322C_2010_322_11_0384_RGB -64151.663230 -3758963.394520 5156.026920 0.325646 0.376031 0.056610
3322C_2010_322_11_0385_RGB -62616.549760 -3758976.010390 5156.702530 0.202877 0.258595 0.043042
3322C_2010_322_11_0386_RGB -61080.237430 -3758983.988720 5154.760790 -0.125630 -0.351018 0.364020
3322C_2010_322_11_0387_RGB -59545.529360 -3758986.778390 5156.280300 -0.083168 -0.059877 0.512454
3322C_2010_322_11_0388_RGB -58008.955560 -3758984.779310 5155.137970 -0.071610 0.528831 0.603712
3322C_2010_322_11_0389_RGB -56469.316500 -3758969.600020 5155.191910 -0.299302 0.146108 1.330546
3322C_2010_322_11_0390_RGB -54937.525420 -3758957.969360 5154.510020 1.504645 -0.008751 0.290220
3322C_2010_322_11_0391_RGB -53395.386300 -3758981.700130 5155.401910 1.755543 -0.380908 -0.886115
3322C_2010_322_11_0392_RGB -51859.340220 -3759015.165550 5156.909020 -0.536689 -0.626348 -0.466077
3322C_2010_322_11_0393_RGB -50324.790700 -3759021.364440 5156.031480 -1.422887 -0.502598 0.737003
3322C_2010_322_11_0394_RGB -48787.526020 -3758999.470620 5157.091060 -0.942944 -0.265411 1.592829
3322C_2010_322_11_0395_RGB -47250.960570 -3758967.357800 5155.648350 0.356515 -0.160312 1.549220
3322C_2010_322_11_0396_RGB -45718.324300 -3758952.360160 5156.578430 0.835501 -0.268123 0.676788
3322C_2010_322_11_0397_RGB -44182.351650 -3758954.560160 5154.443250 1.153384 -0.111120 0.125402
3322C_2010_322_11_0398_RGB -42646.622750 -3758983.453280 5157.733700 1.605797 -0.525016 -0.990995
3322C_2010_322_12_0399_RGB -42653.713900 -3763918.087060 5086.496260 -0.462068 -0.041937 -179.917812
3322C_2010_322_12_0400_RGB -44189.597440 -3763923.499520 5086.219030 -0.527985 0.226991 -178.962620
3322C_2010_322_12_0401_RGB -45724.358220 -3763933.105500 5086.400130 -0.583838 0.081749 -178.993268
3322C_2010_322_12_0402_RGB -47261.430040 -3763935.175510 5086.346320 -0.672441 0.087685 -179.517114
3322C_2010_322_12_0403_RGB -48797.459380 -3763939.114320 5086.097690 0.001335 -0.029558 -179.168511
3322C_2010_322_12_0404_RGB -50332.803090 -3763938.111660 5085.359260 -0.294120 -0.038631 -179.596895
3322C_2010_322_12_0405_RGB -51869.035320 -3763923.052330 5086.321660 -0.426569 0.659783 179.769094
3322C_2010_322_12_0406_RGB -53405.071860 -3763906.846160 5087.620190 0.166739 0.835411 -179.793796
3322C_2010_322_12_0407_RGB -54941.239030 -3763893.204690 5086.308530 -0.211806 0.487667 179.990273
3322C_2010_322_12_0408_RGB -56480.834320 -3763881.791610 5086.724130 0.019690 0.308173 -179.722155
3322C_2010_322_12_0409_RGB -58013.983110 -3763874.962870 5087.016510 0.143599 -0.789425 -179.537122
3322C_2010_322_12_0410_RGB -59552.032820 -3763880.688120 5087.339540 -0.082668 -0.362738 -179.105744
3322C_2010_322_12_0411_RGB -61088.711170 -3763882.190440 5087.615730 0.113989 -0.012190 -179.295003
3322C_2010_322_12_0412_RGB -62624.742610 -3763898.908990 5087.494490 0.072152 0.378647 -178.795859
3322C_2010_322_12_0413_RGB -64161.771280 -3763907.077530 5087.290850 -1.709773 0.990174 179.970492
3322C_2010_322_12_0414_RGB -65694.907920 -3763871.529670 5088.451310 -0.152428 0.543896 179.253102
3322C_2010_322_12_0415_RGB -67232.520700 -3763844.470850 5085.843240 -0.286030 0.030407 179.429841
3322C_2010_322_12_0416_RGB -68767.103960 -3763833.423330 5088.069610 0.740828 0.123154 -179.347005
3322C_2010_322_12_0417_RGB -70302.562560 -3763847.540320 5087.718460 -0.127498 -0.037550 -179.040098
3322C_2010_322_12_0418_RGB -71838.817410 -3763850.017170 5086.136780 -0.367277 -0.649862 -179.576709
3322C_2010_322_12_0419_RGB -73373.987310 -3763859.912460 5085.011350 0.657064 -0.172759 -178.703912
3322C_2010_322_12_0420_RGB -74909.383940 -3763881.698630 5085.009100 -0.421803 0.283367 -178.742216
3322C_2010_322_12_0421_RGB -76445.442210 -3763889.817900 5085.416760 -1.031911 0.169295 -179.693740
3322C_2010_322_12_0422_RGB -77982.502200 -3763865.512280 5084.485920 -0.641692 -0.027515 179.386919
3322C_2010_322_12_0423_RGB -79518.012140 -3763834.153580 5084.081810 -0.165107 0.163211 179.490842
3322C_2010_322_12_0424_RGB -81052.983160 -3763813.779450 5085.210550 0.953016 0.467103 -179.561530
3322C_2010_322_12_0425_RGB -82589.087600 -3763824.329480 5084.130580 0.096729 0.454164 -178.914691
3322C_2010_322_12_0426_RGB -84126.168840 -3763832.187750 5085.608760 -0.470153 0.333682 -179.522352
3322C_2010_322_12_0427_RGB -85661.535830 -3763837.791180 5085.186700 0.174912 0.331471 -179.076442
3322C_2010_322_12_0428_RGB -87198.075310 -3763843.140420 5084.146400 -0.574334 0.107883 -179.586697
3322C_2010_322_12_0429_RGB -88735.051980 -3763837.265540 5085.687290 -0.347156 0.353880 -179.806114
3322C_2010_322_12_0430_RGB -90270.038720 -3763832.030920 5085.178670 -0.175740 0.551389 -179.693200
3322C_2010_322_12_0431_RGB -91806.201280 -3763822.979170 5084.261270 -0.215080 0.374678 -179.770633
3322C_2010_322_12_0432_RGB -93341.324760 -3763820.624300 5084.221680 0.035498 0.430117 -179.507252
3322C_2010_322_12_0433_RGB -94877.568860 -3763820.941080 5082.284490 -0.247660 0.329203 -179.574276
3322C_2010_322_12_0434_RGB -96414.419460 -3763806.992060 5083.479110 -0.318894 0.462486 179.778852
3322C_2010_322_13_0435_RGB -96405.273640 -3768696.383090 5082.012450 2.732132 0.251750 0.026069
3322C_2010_322_13_0436_RGB -94870.908150 -3768718.242280 5072.773730 0.526963 0.345967 -0.392514
3322C_2010_322_13_0437_RGB -93333.037690 -3768731.586460 5072.906420 -0.679194 -0.264581 0.130621
3322C_2010_322_13_0438_RGB -91799.298000 -3768740.668790 5079.272640 0.137489 -0.207471 -0.051552
3322C_2010_322_13_0439_RGB -90263.685790 -3768748.915090 5083.877560 -1.046470 -0.047364 0.428094
3322C_2010_322_13_0440_RGB -88728.178510 -3768733.327500 5087.927870 -1.144327 -0.229589 1.312272
3322C_2010_322_13_0441_RGB -87192.568150 -3768710.843550 5086.200350 0.278465 0.092648 1.154502
3322C_2010_322_13_0442_RGB -85656.839350 -3768706.890040 5086.947810 1.148038 -0.440693 0.424818
3322C_2010_322_13_0443_RGB -84120.679400 -3768717.387560 5087.899820 0.906884 -0.351385 -0.200854
3322C_2010_322_13_0444_RGB -82584.883760 -3768730.605920 5088.237530 -0.090677 -0.343169 0.409325
3322C_2010_322_13_0445_RGB -81048.877460 -3768725.183140 5086.562920 -0.154449 -0.054933 0.888092
3322C_2010_322_13_0446_RGB -79513.273350 -3768706.177180 5087.983070 -0.829732 -0.212063 1.593666
3322C_2010_322_13_0447_RGB -77976.578210 -3768670.029610 5086.961680 -0.344506 -0.206601 1.955469
3322C_2010_322_13_0448_RGB -76440.984590 -3768642.710680 5088.398400 0.482539 -0.681264 1.437494
3322C_2010_322_13_0449_RGB -74904.651030 -3768621.594280 5087.696600 0.868507 -0.310346 1.133229
3322C_2010_322_13_0450_RGB -73368.911650 -3768625.856840 5088.946580 0.994957 -0.018563 0.161256
3322C_2010_322_13_0451_RGB -71832.829080 -3768641.729120 5087.123040 0.821703 0.034924 -0.123924
3322C_2010_322_13_0452_RGB -70297.281140 -3768656.152120 5086.784980 -0.125469 -0.395856 0.077405
3322C_2010_322_13_0453_RGB -68760.642850 -3768656.891850 5088.232510 -0.984464 -0.298547 0.861609
3322C_2010_322_13_0454_RGB -67225.733830 -3768639.316940 5086.808320 -0.514287 -0.034031 1.398712
3322C_2010_322_13_0455_RGB -65689.351240 -3768614.063750 5085.538710 -0.350370 -0.731263 1.681989
3322C_2010_322_13_0456_RGB -64153.597830 -3768593.143900 5088.096910 0.540959 -0.629752 1.315974
3322C_2010_322_13_0457_RGB -62616.293260 -3768594.451670 5088.372130 1.540842 -0.673863 0.249752
3322C_2010_322_13_0458_RGB -61079.984290 -3768633.041890 5087.819150 1.027329 -0.678688 -1.092059
3322C_2010_322_13_0459_RGB -59543.272380 -3768661.181530 5087.782090 -0.472510 -0.236748 -0.260141
3322C_2010_322_13_0460_RGB -58007.309060 -3768681.133070 5087.972420 -0.086041 -0.130162 -0.139640
3322C_2010_322_13_0461_RGB -56471.920760 -3768697.282140 5087.773660 -0.192608 -0.161182 0.129438
3322C_2010_322_13_0462_RGB -54936.395280 -3768711.675660 5088.039110 0.957123 -0.267133 -0.188645
3322C_2010_322_13_0463_RGB -53401.427670 -3768732.781010 5087.587830 -0.519019 -0.228587 0.086080
3322C_2010_322_13_0464_RGB -51864.868120 -3768737.639460 5087.115560 -0.272514 0.110111 0.445251
3322C_2010_322_13_0465_RGB -50329.613370 -3768728.667560 5088.224070 -0.416126 0.177389 1.168805
3322C_2010_322_13_0466_RGB -48787.007690 -3768706.701060 5086.813130 -0.894885 0.459256 1.855224
3322C_2010_322_13_0467_RGB -47251.596250 -3768672.280120 5088.065790 -0.347712 0.444329 1.955081
3322C_2010_322_13_0468_RGB -45721.065460 -3768638.879340 5087.280430 0.457385 -0.303809 1.691868
3322C_2010_322_13_0469_RGB -44184.155430 -3768630.952030 5086.492910 1.932599 -0.030921 0.205844
3322C_2010_322_13_0470_RGB -42644.321500 -3768654.471660 5085.397160 1.721718 -0.249608 -0.694558
3322C_2010_322_14_0471_RGB -96410.258790 -3773444.314630 5077.367790 4.024876 -0.280608 1.461560
3322C_2010_322_14_0472_RGB -94874.697330 -3773437.154220 5077.899880 0.976037 -0.408600 0.310490
3322C_2010_322_14_0473_RGB -93338.060750 -3773454.128070 5077.730580 -0.083584 -0.302970 -0.370364
3322C_2010_322_14_0474_RGB -91801.842450 -3773482.493060 5077.474020 -1.175969 -0.257249 -0.641159
3322C_2010_322_14_0475_RGB -90265.649240 -3773493.526640 5078.059700 -2.248614 -0.405676 0.251199
3322C_2010_322_14_0476_RGB -88727.751670 -3773488.878060 5077.456000 -0.519535 -0.559026 0.415934
3322C_2010_322_14_0477_RGB -87192.941850 -3773499.516150 5076.674830 0.422730 -0.474847 -0.101763
3322C_2010_322_14_0478_RGB -85652.807440 -3773522.251310 5079.018680 0.046078 -0.159686 -0.297768
3322C_2010_322_14_0479_RGB -84120.819430 -3773539.411820 5077.602940 -0.848950 -0.030040 0.232600
3322C_2010_322_14_0480_RGB -82585.730660 -3773538.445290 5077.246450 -0.063775 -0.059877 0.571839
3322C_2010_322_14_0481_RGB -81042.528640 -3773543.543050 5078.808120 0.824898 -0.078566 0.120617
3322C_2010_322_14_0482_RGB -79506.780040 -3773557.710870 5078.099770 0.057291 0.142220 0.040299
3322C_2010_322_14_0483_RGB -77970.854990 -3773567.421270 5077.963460 -0.326761 0.190006 0.348766
3322C_2010_322_14_0484_RGB -76439.539340 -3773566.322290 5077.555300 -0.546671 -0.021433 0.752056
3322C_2010_322_14_0485_RGB -74899.377500 -3773561.542290 5076.961740 0.655744 -0.309094 0.501455
3322C_2010_322_14_0486_RGB -73365.748120 -3773574.584420 5078.231230 0.985515 -0.493242 -0.231253
3322C_2010_322_15_0489_RGB -79518.239670 -3778402.803320 5077.914450 0.274079 0.014444 -178.750392
3322C_2010_322_15_0490_RGB -81052.265090 -3778425.349710 5075.533170 -0.939123 -0.120592 -179.027843
3322C_2010_322_15_0491_RGB -82589.324080 -3778431.212120 5077.526390 -0.281413 0.456545 -179.266838
3322C_2010_322_15_0492_RGB -84125.607670 -3778426.376600 5075.049770 -0.391380 0.223350 -179.522118
3322C_2010_322_15_0493_RGB -85662.209390 -3778416.893110 5077.785390 -0.384269 0.380513 -179.838136
3322C_2010_322_15_0494_RGB -87198.354670 -3778405.458720 5075.860220 -0.139770 0.306351 -179.857965
3322C_2010_322_15_0495_RGB -88734.880110 -3778394.143810 5075.740890 -0.630793 0.079977 179.944048
3322C_2010_322_15_0496_RGB -90270.649850 -3778367.456030 5076.100020 -0.126008 0.174005 179.572652
3322C_2010_322_15_0497_RGB -91809.734730 -3778346.837330 5075.176380 -0.400338 0.077550 179.784287
3322C_2010_322_15_0498_RGB -93342.287900 -3778322.690350 5076.454230 -0.016134 0.195635 179.806815
3322C_2010_322_15_0499_RGB -94881.630250 -3778308.019180 5076.407840 0.386905 -0.095045 -179.722361
3322C_2010_322_15_0500_RGB -96418.071450 -3778312.209310 5076.180340 -0.293589 0.226459 -179.440535
3322C_2010_322_16_0501_RGB -96409.153210 -3783194.575020 5076.959690 0.176870 -0.567683 1.345681
3322C_2010_322_16_0502_RGB -94871.616850 -3783158.881150 5077.203410 0.083556 -0.089514 1.729751
3322C_2010_322_16_0503_RGB -93335.258900 -3783137.040820 5075.718510 1.075303 0.118182 0.759910
3322C_2010_322_16_0504_RGB -91800.290960 -3783135.087810 5076.053600 -0.026402 -0.041831 0.486660
3322C_2010_322_16_0505_RGB -90264.359500 -3783136.018870 5076.162330 -0.035754 -0.166404 0.413179
3322C_2010_322_16_0506_RGB -88726.718140 -3783142.456790 5074.028780 -0.166222 -0.342391 0.260719
3322C_2010_322_16_0507_RGB -87191.665610 -3783138.734280 5076.400560 0.218736 -0.342499 0.663838
3322C_2010_322_16_0508_RGB -85655.892230 -3783149.281310 5076.252280 0.997824 -0.116751 -0.198862
3322C_2010_322_16_0509_RGB -84119.491950 -3783179.685460 5074.624190 0.097646 -0.084045 -0.544666
3322C_2010_322_16_0510_RGB -82584.468460 -3783185.420310 5075.880330 -1.658162 0.028838 1.005632
3322C_2010_322_16_0511_RGB -81044.817850 -3783158.437900 5075.912280 -0.806250 -0.063906 1.714313
3322C_2010_322_16_0512_RGB -79509.290200 -3783126.095580 5078.407720 0.659398 0.055568 1.517313
3322C_2010_322_16_0513_RGB -77976.620840 -3783109.583050 5077.381590 0.445430 0.271035 1.076854
3322C_2010_322_17_0519_RGB -79518.519950 -3785807.075040 5076.616610 1.218749 -0.165717 -178.889477
3322C_2010_322_17_0520_RGB -81054.869070 -3785830.760890 5074.982830 -0.445279 -0.272494 -178.982074
3322C_2010_322_17_0521_RGB -82590.443200 -3785844.051630 5076.205460 -1.215046 -0.216836 -179.622093
3322C_2010_322_17_0522_RGB -84125.235870 -3785821.308820 5075.130690 0.336079 -0.219486 179.939725
3322C_2010_322_17_0523_RGB -85661.875850 -3785814.805980 5076.293380 0.041853 0.261204 -179.486089
3322C_2010_322_17_0524_RGB -87197.190280 -3785811.062150 5075.082310 -0.146050 0.489822 -179.515157
3322C_2010_322_17_0525_RGB -88734.431070 -3785807.307620 5074.871980 0.133610 0.496726 -179.478236
3322C_2010_322_17_0526_RGB -90271.047390 -3785813.169910 5074.366670 0.442462 -0.038598 -178.802123
3322C_2010_322_17_0527_RGB -91810.559620 -3785816.166080 5075.114140 -0.878706 0.225544 -179.715115
3322C_2010_322_17_0528_RGB -93340.651470 -3785796.429170 5074.384710 -0.832292 0.792836 179.511838
3322C_2010_322_17_0529_RGB -94882.486530 -3785759.289870 5073.892580 -0.329566 0.195132 179.109563
3322C_2010_322_17_0530_RGB -96418.031460 -3785722.226730 5075.223120 -0.165435 0.075936 179.078742
3322C_2010_322_18_0531_RGB -92960.483130 -3705715.449140 5397.798280 0.284345 3.142719 -92.336933
3322C_2010_322_18_0532_RGB -92994.554990 -3707250.782640 5392.604850 -0.957736 2.823139 -89.732431
3322C_2010_322_18_0533_RGB -92987.989710 -3708784.326040 5387.560520 -1.913763 1.168992 -88.854436
3322C_2010_322_18_0534_RGB -92964.686990 -3710322.185550 5392.981520 -0.300657 0.861248 -88.182187
3322C_2010_322_18_0535_RGB -92933.376930 -3711855.739810 5393.398780 0.283862 -0.028067 -88.029622
3322C_2010_322_18_0536_RGB -92912.589170 -3713393.513230 5392.397660 -0.045915 -1.117100 -88.890778
3322C_2010_322_18_0537_RGB -92912.789920 -3714926.433130 5389.715440 -0.242806 -1.244012 -89.824521
3322C_2010_322_18_0538_RGB -92931.073470 -3716461.413410 5388.805580 0.049237 -0.229864 -90.147128
3322C_2010_322_18_0539_RGB -92929.914160 -3717998.444990 5389.337870 0.001293 1.313477 -88.822880
3322C_2010_322_18_0540_RGB -92883.351460 -3719534.367410 5390.748950 -0.230723 1.137415 -87.304752
3322C_2010_322_18_0541_RGB -92817.176140 -3721068.518340 5388.556110 -0.139522 0.116515 -86.997262
3322C_2010_322_18_0542_RGB -92778.864240 -3722604.620500 5389.503950 -0.133933 -1.368708 -88.482311
3322C_2010_322_18_0543_RGB -92778.638170 -3724140.482890 5389.632670 -0.162580 -1.549093 -89.841828
3322C_2010_322_18_0544_RGB -92776.855120 -3725677.329780 5390.360270 -0.193068 1.059863 -88.674394
3322C_2010_322_18_0545_RGB -92730.338840 -3727211.727200 5387.407720 -0.268243 1.846293 -86.802818
3322C_2010_322_18_0546_RGB -92657.837550 -3728747.754960 5389.061630 0.017976 -0.459888 -87.180060
3322C_2010_322_18_0547_RGB -92622.408690 -3730284.462580 5390.399800 0.382457 -1.821451 -88.906604
3322C_2010_322_18_0548_RGB -92631.484900 -3731819.399840 5389.693140 0.063545 -1.431305 -90.192235
3322C_2010_322_18_0549_RGB -92664.129380 -3733355.862340 5386.554230 -0.159849 -0.875545 -90.921843
3322C_2010_322_18_0550_RGB -92690.834730 -3734893.077790 5387.894720 -0.396529 0.310544 -90.212504
3322C_2010_322_18_0551_RGB -92698.317320 -3736428.256190 5385.337350 0.160389 0.706955 -89.501682
3322C_2010_322_18_0552_RGB -92682.890440 -3737965.147440 5387.618360 0.075022 0.556235 -88.706124
3322C_2010_322_18_0553_RGB -92657.752280 -3739499.996500 5385.414470 -0.008460 0.340884 -88.271523
3322C_2010_322_18_0554_RGB -92630.918600 -3741035.817290 5387.658290 -0.474884 -0.171970 -88.584159
3322C_2010_322_18_0555_RGB -92603.255840 -3742572.377620 5383.480880 -0.248295 0.285609 -88.220222
3322C_2010_322_18_0556_RGB -92566.088010 -3744107.153540 5383.931060 -0.278490 0.401608 -87.851881
3322C_2010_322_18_0557_RGB -92523.834940 -3745643.771730 5386.779850 -0.412968 -0.414523 -88.051478
3322C_2010_322_18_0558_RGB -92509.409910 -3747178.407800 5386.044220 -0.388889 -1.386385 -89.320725
3322C_2010_322_18_0559_RGB -92526.183770 -3748714.157020 5383.892990 -0.613399 -1.340841 -90.637522
3322C_2010_322_18_0560_RGB -92543.846760 -3750251.262180 5384.725890 -0.358738 0.670699 -89.787860
3322C_2010_322_18_0561_RGB -92522.575310 -3751786.860140 5383.793060 0.134335 1.575601 -87.867217
3322C_2010_322_18_0562_RGB -92476.257670 -3753323.130680 5385.816620 -0.112899 -0.185535 -87.960415
3322C_2010_322_18_0563_RGB -92443.703360 -3754858.087410 5382.761380 -0.208450 -0.216908 -88.402301
3322C_2010_322_18_0564_RGB -92412.793620 -3756393.660960 5381.658520 -0.140363 -0.175313 -88.271557
3322C_2010_322_18_0565_RGB -92383.633350 -3757934.626830 5381.478050 -0.413812 -0.102585 -88.394985
3322C_2010_322_18_0566_RGB -92350.394040 -3759468.804800 5380.324910 -0.466788 -0.417473 -88.349395
3322C_2010_322_18_0567_RGB -92321.099520 -3761001.723120 5378.669880 -0.229282 -0.537784 -88.573032
3322C_2010_322_18_0568_RGB -92312.213840 -3762540.979970 5379.071590 -0.267996 -1.302413 -89.704803
3322C_2010_322_18_0569_RGB -92330.773860 -3764076.960160 5379.067000 -0.352614 -1.051165 -90.593626
3322C_2010_322_18_0570_RGB -92370.757680 -3765613.567640 5378.902370 -0.267548 -1.165242 -91.354290
3322C_2010_322_18_0571_RGB -92407.196740 -3767149.787410 5380.507010 0.151145 0.638645 -90.462268
3322C_2010_322_18_0572_RGB -92403.591670 -3768685.425040 5378.461920 0.358129 1.595724 -88.611334
3322C_2010_322_18_0573_RGB -92359.926830 -3770218.894000 5378.222740 0.149326 1.791982 -87.101229
3322C_2010_322_18_0574_RGB -92289.308340 -3771754.925340 5376.270890 -0.035499 0.341869 -86.773967
3322C_2010_322_18_0575_RGB -92223.868690 -3773289.040710 5378.794440 -0.222976 -0.156565 -87.045846
3322C_2010_322_18_0576_RGB -92181.959220 -3774825.640110 5378.665580 -0.323515 -1.361434 -88.402052
3322C_2010_322_18_0577_RGB -92173.025520 -3776360.634920 5377.434370 -0.568044 -1.452569 -89.638228
3322C_2010_322_18_0578_RGB -92199.434280 -3777896.958540 5378.353340 -0.692229 -1.886413 -91.034685
3322C_2010_322_18_0579_RGB -92250.018790 -3779432.393150 5376.317220 -0.243335 -0.180276 -91.375662
3322C_2010_322_18_0580_RGB -92288.335680 -3780969.922080 5378.648240 -0.067564 0.712975 -90.589573
3322C_2010_322_18_0581_RGB -92296.444000 -3782506.248150 5378.186030 -0.081429 1.472476 -89.306701
3322C_2010_322_18_0582_RGB -92267.523580 -3784040.792590 5378.708580 -0.116499 1.305912 -87.990551
3322C_2010_322_18_0583_RGB -92212.969870 -3785577.268750 5381.008670 -0.045436 1.217725 -86.954780
3322C_2010_322_18_0584_RGB -92154.157030 -3787111.356980 5378.195560 0.155416 -0.804839 -87.563229
3322C_2010_322_18_0585_RGB -92126.963380 -3788650.836990 5381.728420 -0.028067 -1.318253 -88.822522
3322C_2010_322_19_0588_RGB -46158.102080 -3770495.946310 5491.448800 0.559193 -0.724772 92.986171
3322C_2010_322_19_0589_RGB -46175.356750 -3768938.538350 5486.034810 -0.335894 0.868067 90.873429
3322C_2010_322_19_0590_RGB -46161.048140 -3767405.164340 5486.655860 -0.175835 0.965702 89.569533
3322C_2010_322_19_0591_RGB -46134.434010 -3765865.869950 5486.220900 0.562048 -0.104781 89.819106
3322C_2010_322_19_0592_RGB -46115.100330 -3764332.968130 5487.432710 0.864400 0.371140 89.693293
3322C_2010_322_19_0593_RGB -46105.180590 -3762796.867010 5488.482380 0.748042 -1.486632 91.164403
3322C_2010_322_19_0594_RGB -46147.956910 -3761260.118980 5489.904740 0.201865 -0.490091 92.311229
3322C_2010_322_19_0595_RGB -46170.235500 -3759725.549110 5490.132490 -0.299732 1.098977 90.651043
3322C_2010_322_19_0596_RGB -46174.425950 -3758191.165540 5489.641490 0.256383 -0.628456 91.270778
3322C_2010_322_19_0597_RGB -46202.087500 -3756654.564350 5490.735530 0.086941 0.190550 91.600334
3322C_2010_322_19_0598_RGB -46224.804250 -3755118.479490 5492.731060 -0.069365 -0.186175 91.524502
3322C_2010_322_19_0599_RGB -46235.857990 -3753582.760030 5493.790900 -0.303331 1.170770 90.199741
3322C_2010_322_19_0600_RGB -46207.390640 -3752046.575830 5493.655870 -0.092203 0.254513 89.445684
3322C_2010_322_19_0601_RGB -46215.161430 -3750510.528310 5492.526480 0.351048 -0.361042 91.184945
3322C_2010_322_19_0602_RGB -46228.510530 -3748974.667670 5491.656290 0.589433 0.884676 90.716609
3322C_2010_322_19_0603_RGB -46224.804670 -3747438.564280 5493.797360 0.921658 -1.309516 91.214674
3322C_2010_322_19_0604_RGB -46270.093470 -3745902.079450 5494.596470 0.521316 -0.083309 92.243966
3322C_2010_322_19_0605_RGB -46302.440550 -3744367.136860 5494.483100 -0.074304 0.625759 91.464908
3322C_2010_322_19_0606_RGB -46337.074350 -3742831.593520 5497.386070 0.001766 -0.352352 92.254270
3322C_2010_322_19_0607_RGB -46361.535050 -3741295.133910 5495.781210 -0.387179 1.382148 90.669692
3322C_2010_322_19_0608_RGB -46362.276060 -3739759.476940 5496.495700 0.249326 -0.255411 90.808938
3322C_2010_322_19_0609_RGB -46384.557570 -3738223.046560 5496.101980 0.324513 0.027496 91.284720
3322C_2010_322_19_0610_RGB -46379.833120 -3736687.008200 5494.950970 0.063842 0.840662 89.921179
3322C_2010_322_19_0611_RGB -46353.808300 -3735151.955590 5497.667080 0.006222 0.670035 89.241624
3322C_2010_322_19_0612_RGB -46321.983570 -3733615.626650 5497.021460 0.075807 -0.846888 90.081434
3322C_2010_322_19_0613_RGB -46328.828850 -3732079.560760 5495.611840 0.211787 -0.611203 91.042489
3322C_2010_322_19_0614_RGB -46342.595700 -3730543.702920 5496.545450 0.705703 0.496433 90.785035
3322C_2010_322_19_0615_RGB -46345.199830 -3729004.384710 5498.107520 0.945925 -1.088046 91.311136
3322C_2010_322_19_0616_RGB -46391.405640 -3727471.743100 5498.832290 -0.170451 0.431348 92.083742
3322C_2010_322_19_0617_RGB -46407.450540 -3725934.884450 5496.479960 -0.670117 0.792289 90.680346
3322C_2010_322_19_0618_RGB -46414.890210 -3724397.395340 5497.140230 0.229677 0.040970 90.875200
3322C_2010_322_19_0619_RGB -46411.062140 -3722859.696600 5496.580910 0.665185 0.475072 90.237280
3322C_2010_322_19_0620_RGB -46415.752230 -3721326.494790 5499.840780 0.812966 -0.495356 91.079630
3322C_2010_322_19_0621_RGB -46431.928390 -3719792.058120 5497.837270 0.329933 0.007305 91.067276
3322C_2010_322_19_0622_RGB -46445.134290 -3718254.492790 5496.837760 0.231735 0.117183 91.064648
3322C_2010_322_19_0623_RGB -46450.884840 -3716720.054530 5497.283410 0.582616 0.818398 90.302411
3322C_2010_322_19_0624_RGB -46443.617050 -3715183.238030 5503.111630 1.066696 -0.529634 90.638215
3322C_2010_322_19_0625_RGB -46457.075570 -3713648.082390 5504.409700 0.088606 0.068682 91.021906
3322C_2010_322_19_0626_RGB -46466.016620 -3712110.542540 5505.666740 -0.779548 -0.129767 90.919404
3322C_2010_322_19_0627_RGB -46484.073840 -3710574.190100 5501.544970 -1.361357 -0.035333 91.327742
3322C_2010_322_19_0628_RGB -46494.314210 -3709039.068560 5496.996280 -0.782469 0.847558 90.645014
3322C_2010_322_19_0629_RGB -46482.600390 -3707504.682440 5497.125180 0.384307 0.784571 89.727492
3322C_2010_322_19_0630_RGB -46445.923680 -3705967.805790 5503.366290 0.993060 0.226567 89.117643
3322C_2010_322_20_0631_RGB -70187.823430 -3767086.157900 5078.377540 -1.233349 0.180285 -145.370200
3322C_2010_322_20_0632_RGB -71464.007660 -3767940.319460 5077.761110 -0.686960 0.241410 -145.298127
3322C_2010_322_20_0633_RGB -72740.207410 -3768791.600650 5079.574960 -1.699336 0.097252 -146.098333
3322C_2010_322_20_0634_RGB -74032.797600 -3769613.550220 5077.130930 -1.688514 0.142885 -147.260869
3322C_2010_322_20_0635_RGB -75331.634640 -3770419.394710 5078.574860 -0.070692 0.646047 -147.381407
3322C_2010_322_20_0636_RGB -76615.420550 -3771258.210470 5078.503560 0.461086 0.301935 -145.877516
3322C_2010_322_20_0637_RGB -77891.393230 -3772110.562860 5078.550870 0.398483 0.162117 -145.435834
3322C_2010_322_20_0638_RGB -79163.091880 -3772972.554390 5079.098360 0.681039 0.389543 -144.920724
3322C_2010_322_20_0639_RGB -80433.837020 -3773837.584940 5076.070280 -0.799572 -0.951786 -145.823644
3322C_2010_322_20_0640_RGB -81713.794900 -3774686.164260 5078.285910 -0.466866 -0.103691 -145.903305
3322C_2010_322_20_0641_RGB -82984.383960 -3775548.902550 5076.071310 0.463108 0.121152 -144.877146
3322C_2010_322_20_0642_RGB -84255.657320 -3776419.841070 5075.957790 -0.336299 -0.141944 -145.091018
3322C_2010_322_20_0643_RGB -85531.776300 -3777276.054460 5076.758440 -0.554925 0.186665 -145.681085
3322C_2010_322_20_0644_RGB -86805.437410 -3778136.544090 5075.492300 -0.024396 0.480808 -145.170589
3322C_2010_322_20_0645_RGB -88083.632290 -3778985.095010 5076.358310 -1.007396 0.060727 -146.221081
3322C_2010_322_20_0646_RGB -89368.122780 -3779821.284430 5076.356270 -0.219357 0.088981 -146.354601
3322C_2010_322_20_0647_RGB -90647.458140 -3780662.224240 5074.303440 0.445766 -0.078868 -145.742587
3322C_2010_322_20_0648_RGB -91928.493940 -3781508.451860 5074.354840 -0.175641 -0.204280 -146.086030
3322C_2010_322_20_0649_RGB -93207.599340 -3782354.271860 5074.574590 0.106236 0.334774 -145.771718
3322C_2010_322_20_0650_RGB -94477.718330 -3783223.226720 5074.383710 0.764564 1.016637 -144.459984
3322C_2010_322_21_0652_RGB -79021.810330 -3787048.389040 5077.697880 0.207254 0.246195 128.965490
3322C_2010_322_21_0653_RGB -79985.009080 -3785845.725040 5078.944100 0.436367 0.042229 129.895262
3322C_2010_322_21_0654_RGB -80957.930770 -3784662.807160 5079.061070 0.077286 0.186307 130.221503
3322C_2010_322_21_0655_RGB -81930.655680 -3783478.689930 5078.451130 0.256370 0.317190 129.937581
3322C_2010_322_21_0656_RGB -82902.467770 -3782293.506610 5079.010730 -0.296337 0.348634 129.832796
3322C_2010_322_21_0657_RGB -83867.665130 -3781097.061330 5080.409250 -0.391366 0.365576 129.346976
3322C_2010_322_21_0658_RGB -84825.204570 -3779896.528810 5078.325560 -0.372953 0.247008 129.100971
3322C_2010_322_21_0659_RGB -85781.653650 -3778693.162600 5080.714090 0.394847 -0.153345 129.335534
3322C_2010_322_21_0660_RGB -86753.200600 -3777505.937710 5079.178950 0.477109 0.004842 130.218504
3322C_2010_322_21_0661_RGB -87724.622170 -3776320.646310 5080.624870 0.167339 0.155540 129.952469
3322C_2010_322_21_0662_RGB -88695.152880 -3775132.962840 5079.595560 -0.148614 0.009076 129.755804
3322C_2010_322_21_0663_RGB -89664.481900 -3773941.239550 5080.234520 -0.255395 0.198830 129.512619
3322C_2010_322_21_0664_RGB -90628.324560 -3772745.606760 5080.265850 -0.662016 0.824717 129.044404
3322C_2010_322_21_0665_RGB -91568.559830 -3771524.472860 5079.429410 -0.249298 0.657131 127.907376
3322C_2010_322_21_0666_RGB -92511.106780 -3770302.959820 5078.897960 0.284804 -0.119227 128.553795
3322C_2010_322_21_0667_RGB -93463.164480 -3769092.836620 5078.665830 -0.117581 -0.269492 129.004302
3322C_2010_322_21_0668_RGB -94405.344090 -3767874.507100 5079.791900 -0.481977 0.459745 127.891061
