3321B_2010_317_01_0001_RGB 96023.644560 -3654174.350290 5529.608000 -0.058651 0.271273 -179.684364
3321B_2010_317_01_0002_RGB 94487.356650 -3654192.271240 5528.910500 0.828661 0.398373 -178.417507
3321B_2010_317_01_0003_RGB 92950.468710 -3654233.511690 5530.007380 -0.505754 0.507932 -178.407835
3321B_2010_317_01_0004_RGB 91410.664900 -3654249.243010 5531.335610 -0.230899 0.430624 -179.212347
3321B_2010_317_01_0005_RGB 89879.587530 -3654267.732370 5530.574340 0.100610 0.223646 -178.704097
3321B_2010_317_01_0006_RGB 88342.496230 -3654290.264670 5529.891650 -0.230638 0.310845 -178.763577
3321B_2010_317_01_0007_RGB 86802.893040 -3654308.884500 5530.915940 -0.520216 0.260947 -179.171742
3321B_2010_317_01_0008_RGB 85269.871930 -3654316.822830 5529.823430 0.250836 -0.007673 -179.134054
3321B_2010_317_01_0009_RGB 83735.628940 -3654323.695410 5529.421160 -0.569097 0.056716 -179.660685
3321B_2010_317_01_0010_RGB 82193.986650 -3654311.120600 5531.553750 -0.536371 0.219536 179.768578
3321B_2010_317_01_0011_RGB 80659.442570 -3654293.783450 5529.647160 0.160964 0.229138 179.814913
3321B_2010_317_01_0012_RGB 79124.749080 -3654286.506860 5528.991980 -0.290722 0.243223 179.913556
3321B_2010_317_01_0013_RGB 77590.309360 -3654261.827630 5530.913350 -0.797618 0.413897 179.042456
3321B_2010_317_01_0014_RGB 76053.143300 -3654215.895360 5529.698400 0.712177 0.167626 179.168406
3321B_2010_317_01_0015_RGB 74518.611420 -3654190.674710 5528.788530 0.409658 0.084817 179.631924
3321B_2010_317_01_0016_RGB 72982.081870 -3654176.032020 5530.612750 0.561428 0.118427 -179.782490
3321B_2010_317_01_0017_RGB 71448.081260 -3654188.686720 5529.805160 0.078462 0.173861 -179.027341
3321B_2010_317_01_0018_RGB 69910.620570 -3654205.354050 5529.546920 0.022490 0.119407 -178.759771
3321B_2010_317_01_0019_RGB 68374.715380 -3654221.615590 5528.447210 -0.450349 0.095072 -179.135617
3321B_2010_317_01_0020_RGB 66838.559710 -3654240.468800 5529.368200 0.422444 0.136858 -178.632857
3321B_2010_317_01_0021_RGB 65303.996200 -3654269.179420 5529.056300 -0.299809 0.023112 -178.609635
3321B_2010_317_01_0022_RGB 63768.505130 -3654284.551040 5528.960520 -0.505025 0.102330 -179.120940
3321B_2010_317_01_0023_RGB 62231.613810 -3654290.465570 5529.177190 -0.160211 0.149777 -179.233938
3321B_2010_317_01_0024_RGB 60695.177960 -3654291.931570 5530.366400 -0.121815 0.269944 -179.530381
3321B_2010_317_01_0025_RGB 59159.151030 -3654292.372100 5531.144920 -0.730714 0.503928 179.943675
3321B_2010_317_01_0026_RGB 57623.168970 -3654272.011770 5529.281200 -0.168676 0.417058 179.617076
3321B_2010_317_01_0027_RGB 56087.914840 -3654245.148630 5528.183830 -0.129467 0.395012 179.256341
3321B_2010_317_01_0028_RGB 54551.513460 -3654228.594430 5529.376720 0.410025 0.239056 -179.935437
3321B_2010_317_01_0029_RGB 53015.598030 -3654231.036080 5528.335920 -0.075982 0.256594 -179.567281
3321B_2010_317_01_0030_RGB 51479.438590 -3654228.182850 5529.669470 0.083131 0.328839 -179.639840
3321B_2010_317_01_0031_RGB 49943.841270 -3654229.454150 5528.646660 0.329583 0.117045 -179.346803
3321B_2010_317_01_0032_RGB 48407.139920 -3654236.377090 5527.345740 -0.140636 0.008828 -179.373451
3321B_2010_317_01_0033_RGB 46871.054230 -3654236.040010 5529.547900 0.233823 0.215071 -179.517343
3321B_2010_317_01_0034_RGB 45335.226680 -3654256.755810 5528.545180 -0.254723 0.284861 -179.003890
3321B_2010_317_01_0035_RGB 43798.347550 -3654268.196150 5526.254370 0.101856 0.142970 -179.232676
3321B_2010_317_02_0036_RGB 96022.950050 -3659198.163930 5532.280990 -3.904188 1.206988 -179.854390
3321B_2010_317_02_0037_RGB 94488.219370 -3659170.129130 5530.742930 -3.100956 1.160442 179.634776
3321B_2010_317_02_0038_RGB 92951.894610 -3659143.014700 5531.493780 -2.349868 1.435855 179.936389
3321B_2010_317_02_0039_RGB 91415.278320 -3659130.342320 5531.286080 -0.742274 0.836179 -179.711916
3321B_2010_317_02_0040_RGB 89880.433400 -3659119.719220 5531.926640 -0.235182 0.479779 -179.752674
3321B_2010_317_02_0041_RGB 88344.942910 -3659102.964430 5532.693400 -0.780899 0.437527 179.731433
3321B_2010_317_02_0042_RGB 86808.190110 -3659075.043350 5532.394800 -0.095878 0.654316 179.708959
3321B_2010_317_02_0043_RGB 85272.579460 -3659064.545220 5532.971530 0.562134 0.550415 -179.353819
3321B_2010_317_02_0044_RGB 83736.139780 -3659073.922040 5531.271550 0.411079 0.260973 -178.782874
3321B_2010_317_02_0045_RGB 82201.061490 -3659086.416520 5532.503370 -0.331632 0.271433 -178.846176
3321B_2010_317_02_0046_RGB 80665.193130 -3659092.623030 5532.530000 -0.087156 0.416301 -179.043056
3321B_2010_317_02_0047_RGB 79129.117680 -3659097.721600 5532.648080 -0.241124 0.175379 -179.210641
3321B_2010_317_02_0048_RGB 77593.368240 -3659102.232300 5534.786180 -0.392736 0.427837 -179.151418
3321B_2010_317_02_0049_RGB 76057.187960 -3659102.691670 5530.900340 -0.142255 0.132265 -179.281654
3321B_2010_317_02_0050_RGB 74519.979250 -3659097.970630 5533.446140 -0.557014 0.342558 -179.697984
3321B_2010_317_02_0051_RGB 72983.826900 -3659087.891800 5531.514070 0.338168 0.237426 -179.515397
3321B_2010_317_02_0052_RGB 71447.743250 -3659091.156560 5533.586030 0.274186 0.108304 -178.986202
3321B_2010_317_02_0053_RGB 69912.312820 -3659096.960160 5532.766540 -0.453744 0.060960 -179.268093
3321B_2010_317_02_0054_RGB 68372.095160 -3659093.074310 5532.431180 -0.092497 -0.000563 -179.467534
3321B_2010_317_02_0055_RGB 66837.127400 -3659100.448500 5533.213950 0.557076 0.314330 -178.822949
3321B_2010_317_02_0056_RGB 65300.939050 -3659119.174620 5530.504070 0.106116 0.190189 -178.614709
3321B_2010_317_02_0057_RGB 63764.464180 -3659138.713640 5534.347920 -0.543824 0.336895 -178.696918
3321B_2010_317_02_0058_RGB 62232.159880 -3659145.517890 5531.986510 -0.787340 0.130837 -179.322719
3321B_2010_317_02_0059_RGB 60692.042960 -3659137.739240 5532.990730 -0.006979 0.722877 -179.655303
3321B_2010_317_02_0060_RGB 59157.459520 -3659142.063010 5530.952270 -0.012431 0.275055 -179.118848
3321B_2010_317_02_0061_RGB 57622.941180 -3659136.374430 5531.705570 -0.281381 0.088649 -179.688285
3321B_2010_317_02_0062_RGB 56085.288110 -3659125.614330 5531.651490 -0.510213 0.097770 -179.994403
3321B_2010_317_02_0063_RGB 54551.040980 -3659108.178640 5531.063560 -0.070170 0.192907 179.992958
3321B_2010_317_02_0064_RGB 53016.579820 -3659096.162640 5531.468300 -0.025286 0.219068 -179.667634
3321B_2010_317_02_0065_RGB 51480.628030 -3659085.471620 5531.817910 -0.033418 0.390848 -179.758403
3321B_2010_317_02_0066_RGB 49944.123210 -3659079.250990 5532.061590 0.281889 0.411952 -179.531824
3321B_2010_317_02_0067_RGB 48408.184290 -3659092.249860 5530.504290 0.758031 0.238352 -178.583010
3321B_2010_317_02_0068_RGB 46871.745490 -3659116.785340 5530.794650 -0.332940 0.085220 -178.524770
3321B_2010_317_02_0069_RGB 45336.395700 -3659131.004640 5531.824260 -0.568812 0.378885 -178.943172
3321B_2010_317_02_0070_RGB 43800.854730 -3659133.866420 5531.004160 0.007385 0.250946 -179.141662
3321B_2010_317_03_0071_RGB 43810.892860 -3663910.577490 5530.421210 -0.396631 -0.110815 0.637349
3321B_2010_317_03_0072_RGB 45342.963990 -3663910.168390 5530.898820 -0.292157 0.053648 0.494856
3321B_2010_317_03_0073_RGB 46879.947570 -3663912.926410 5530.945350 -0.365198 -0.278708 0.512367
3321B_2010_317_03_0074_RGB 48418.665360 -3663910.734400 5531.656070 -0.194688 -0.502405 0.756853
3321B_2010_317_03_0075_RGB 49955.395170 -3663904.169090 5531.305820 -0.180615 -0.396068 0.953442
3321B_2010_317_03_0076_RGB 51485.619350 -3663906.938220 5531.315790 0.977311 -0.434723 0.307259
3321B_2010_317_03_0077_RGB 53026.839180 -3663930.444920 5532.216150 0.805785 -0.413927 -0.442959
3321B_2010_317_03_0078_RGB 54559.520070 -3663946.997070 5532.234320 -0.555208 -0.561418 0.236671
3321B_2010_317_03_0079_RGB 56093.854910 -3663945.401410 5533.116850 0.100719 -0.431328 0.840229
3321B_2010_317_03_0080_RGB 57633.241040 -3663959.578540 5531.302200 1.114235 0.303021 -0.159112
3321B_2010_317_03_0081_RGB 59165.520380 -3663979.565580 5533.043530 -0.207971 -0.102465 0.081687
3321B_2010_317_03_0082_RGB 60701.817780 -3663985.648970 5530.959530 -0.689733 -0.032622 0.620548
3321B_2010_317_03_0083_RGB 62236.783510 -3663980.181090 5532.969660 -0.235683 0.033215 0.998331
3321B_2010_317_03_0084_RGB 63773.798570 -3663977.138080 5533.384420 0.115053 -0.572828 0.670001
3321B_2010_317_03_0085_RGB 65309.118520 -3663977.198690 5531.683630 0.342346 -0.279273 0.446013
3321B_2010_317_03_0086_RGB 66845.771250 -3663986.515320 5532.451960 0.531232 -0.091703 0.196037
3321B_2010_317_03_0087_RGB 68381.057820 -3663997.393440 5533.200420 0.134972 -0.363476 0.222176
3321B_2010_317_03_0088_RGB 69917.889610 -3663997.267840 5532.405250 -0.220378 -0.499841 0.751318
3321B_2010_317_03_0089_RGB 71453.204930 -3663990.078400 5533.428760 0.163232 -0.211786 0.876489
3321B_2010_317_03_0090_RGB 72990.273170 -3663989.751590 5532.713610 0.365946 0.221227 0.574327
3321B_2010_317_03_0091_RGB 74524.664660 -3663992.400190 5534.487420 -0.206425 -0.431258 0.681140
3321B_2010_317_03_0092_RGB 76066.836100 -3663985.896370 5531.437090 -0.096672 0.071065 0.909453
3321B_2010_317_03_0093_RGB 77597.720040 -3663985.962850 5534.779520 0.971098 -0.003703 0.226785
3321B_2010_317_03_0094_RGB 79132.596070 -3663997.506670 5533.868740 0.462421 -0.078070 0.099792
3321B_2010_317_03_0095_RGB 80669.527210 -3664016.579770 5532.663810 0.366269 -0.347102 -0.181421
3321B_2010_317_03_0096_RGB 82204.098610 -3664034.170640 5531.913870 0.213465 0.063485 -0.070346
3321B_2010_317_03_0097_RGB 83740.165250 -3664037.152190 5532.818810 -0.708256 -0.136704 0.866113
3321B_2010_317_03_0098_RGB 85277.756820 -3664017.250450 5532.977700 -1.065493 -0.076364 1.791518
3321B_2010_317_03_0099_RGB 86812.030190 -3663986.897940 5532.711380 0.403848 -0.332185 1.599397
3321B_2010_317_03_0100_RGB 88348.178450 -3663975.654500 5531.319560 0.763054 -0.310465 0.913528
3321B_2010_317_03_0101_RGB 89885.139750 -3663984.570880 5533.330190 1.366506 -0.340552 -0.205100
3321B_2010_317_03_0102_RGB 91420.919280 -3664013.040290 5532.620390 0.574501 -0.081595 -0.571425
3321B_2010_317_03_0103_RGB 92957.105860 -3664046.468110 5533.408610 0.043451 -0.138018 -0.464000
3321B_2010_317_03_0104_RGB 94492.871240 -3664065.803220 5532.277990 -0.858279 -0.155244 0.231687
3321B_2010_317_03_0105_RGB 96030.090850 -3664059.449940 5531.707120 -0.729434 -0.139088 1.096977
3321B_2010_317_04_0106_RGB 96022.542630 -3668849.495510 5532.844220 -0.418153 0.188481 179.293396
3321B_2010_317_04_0107_RGB 94486.783800 -3668838.386240 5531.723690 0.753375 -0.049133 -179.460670
3321B_2010_317_04_0108_RGB 92951.032040 -3668845.994650 5531.722860 0.211210 0.163599 -179.091870
3321B_2010_317_04_0109_RGB 91414.867310 -3668856.557680 5531.615110 -0.117364 0.419767 -179.240570
3321B_2010_317_04_0110_RGB 89879.407460 -3668861.178500 5532.527670 -0.032025 0.536881 -179.278245
3321B_2010_317_04_0111_RGB 88343.545660 -3668867.504780 5531.605980 0.409697 0.650106 -178.984753
3321B_2010_317_04_0112_RGB 86807.024960 -3668874.637650 5532.357170 -1.810748 0.029710 -179.924471
3321B_2010_317_04_0113_RGB 85270.652470 -3668833.330390 5531.818990 -0.245643 0.040735 178.992260
3321B_2010_317_04_0114_RGB 83734.676630 -3668806.940740 5532.464770 0.204624 0.138074 179.632900
3321B_2010_317_04_0115_RGB 82199.442360 -3668784.440770 5532.452750 -0.069133 -0.041620 179.696805
3321B_2010_317_04_0116_RGB 80663.461780 -3668772.520370 5533.599790 0.568583 0.183406 -179.632118
3321B_2010_317_04_0117_RGB 79127.726950 -3668784.372270 5531.087160 0.723250 0.248712 -178.751302
3321B_2010_317_04_0118_RGB 77591.336800 -3668793.368330 5532.891760 -0.935363 -0.149285 -179.447295
3321B_2010_317_04_0119_RGB 76055.957270 -3668774.304420 5532.809910 -0.612623 0.180133 179.631868
3321B_2010_317_04_0120_RGB 74519.392320 -3668754.263680 5531.474570 0.384363 0.207383 -179.964818
3321B_2010_317_04_0121_RGB 72982.893650 -3668751.643240 5531.774500 0.071242 -0.053766 -179.541230
3321B_2010_317_04_0122_RGB 71447.455610 -3668746.961880 5532.157950 -0.265422 0.319383 -179.840876
3321B_2010_317_04_0123_RGB 69910.962650 -3668744.444430 5531.039090 0.315314 0.161039 -179.602931
3321B_2010_317_04_0124_RGB 68376.303290 -3668742.409260 5531.706150 -0.687231 -0.113354 -179.737543
3321B_2010_317_04_0125_RGB 66834.773250 -3668720.517670 5532.059100 0.009524 -0.049722 179.710234
3321B_2010_317_04_0126_RGB 65300.836080 -3668714.705510 5530.903990 1.092397 0.503953 -179.210637
3321B_2010_317_04_0127_RGB 63770.074250 -3668739.660310 5530.394840 0.734627 0.542099 -178.267757
3321B_2010_317_04_0128_RGB 62232.318890 -3668768.843090 5530.757840 -0.250276 0.305704 -178.505864
3321B_2010_317_04_0129_RGB 60692.339710 -3668797.511400 5531.079960 0.135570 0.254067 -178.434527
3321B_2010_317_04_0130_RGB 59157.473740 -3668820.527500 5531.610950 -0.965948 0.209919 -179.004096
3321B_2010_317_04_0131_RGB 57620.481590 -3668815.719330 5531.445260 -1.295881 0.373954 179.896608
3321B_2010_317_04_0132_RGB 56086.208430 -3668793.103840 5531.850220 -0.180558 0.437503 179.807551
3321B_2010_317_04_0133_RGB 54551.516090 -3668773.609250 5530.877730 -0.208226 0.402579 179.769263
3321B_2010_317_04_0134_RGB 53013.574490 -3668746.788800 5531.640310 -0.160764 0.237526 179.496179
3321B_2010_317_04_0135_RGB 51479.393740 -3668726.226900 5532.154730 0.193248 0.268511 179.849290
3321B_2010_317_04_0136_RGB 49942.991610 -3668720.433100 5530.728910 0.605294 -0.153276 -179.391999
3321B_2010_317_04_0137_RGB 48407.210530 -3668726.971210 5532.147460 0.402726 0.029799 -179.000471
3321B_2010_317_04_0138_RGB 46871.124630 -3668748.516840 5530.171360 0.093581 0.172030 -178.600787
3321B_2010_317_04_0139_RGB 45335.514440 -3668780.490830 5529.726390 0.681038 0.237326 -177.981878
3321B_2010_317_04_0140_RGB 43799.211330 -3668828.853340 5529.427910 -0.071605 0.229443 -177.721199
3321B_2010_317_05_0141_RGB 43808.709730 -3673609.090870 5530.675850 -0.243147 -0.314215 0.489043
3321B_2010_317_05_0142_RGB 45344.130920 -3673617.006200 5530.150090 0.253744 -0.279911 0.263518
3321B_2010_317_05_0143_RGB 46878.810090 -3673640.930570 5530.112930 1.104561 -0.577480 -0.689650
3321B_2010_317_05_0144_RGB 48420.306900 -3673679.518080 5530.597240 -0.160821 -0.482901 -0.596479
3321B_2010_317_05_0145_RGB 49950.334390 -3673681.333180 5528.826050 -2.403866 -0.492434 1.535502
3321B_2010_317_05_0146_RGB 51490.400310 -3673623.092820 5528.877490 -0.917480 -0.369941 3.243271
3321B_2010_317_05_0147_RGB 53026.108410 -3673587.639050 5529.421970 1.747180 -0.029613 1.163690
3321B_2010_317_05_0148_RGB 54560.433110 -3673582.580850 5530.268960 0.849793 -0.116734 0.525532
3321B_2010_317_05_0149_RGB 56097.274380 -3673582.956770 5529.415260 0.170012 -0.124881 0.687201
3321B_2010_317_05_0150_RGB 57634.537010 -3673584.391320 5531.835440 0.635496 -0.243561 0.431914
3321B_2010_317_05_0151_RGB 59167.155460 -3673596.505970 5530.591140 0.825134 -0.006026 -0.146708
3321B_2010_317_05_0152_RGB 60706.375770 -3673603.647370 5528.801010 -0.521263 0.193304 0.374802
3321B_2010_317_05_0153_RGB 62239.531930 -3673597.905280 5530.946600 -0.256806 -0.251002 0.893282
3321B_2010_317_05_0154_RGB 63774.223330 -3673594.442010 5531.112460 0.520299 -0.128351 0.564655
3321B_2010_317_05_0155_RGB 65309.726850 -3673603.716680 5527.321510 1.011727 0.300831 -0.146138
3321B_2010_317_05_0156_RGB 66846.193870 -3673628.995640 5532.432250 -0.416594 -0.458479 -0.092194
3321B_2010_317_05_0157_RGB 68380.791230 -3673639.421140 5530.545190 -0.157920 -0.294192 0.227463
3321B_2010_317_05_0158_RGB 69918.375290 -3673638.003990 5529.106920 -0.459874 -0.049605 0.864784
3321B_2010_317_05_0159_RGB 71454.430500 -3673620.864500 5531.329120 -0.511563 -0.253789 1.436280
3321B_2010_317_05_0160_RGB 72989.472560 -3673592.573020 5530.400190 -0.179200 0.043624 1.687829
3321B_2010_317_05_0161_RGB 74526.496850 -3673586.322750 5530.874600 1.774233 0.104509 0.152890
3321B_2010_317_05_0162_RGB 76060.666210 -3673608.196470 5530.477870 0.764125 -0.240316 -0.318163
3321B_2010_317_05_0163_RGB 77598.256960 -3673643.560920 5530.535610 1.060010 0.171319 -0.881113
3321B_2010_317_05_0164_RGB 79133.556400 -3673691.847650 5530.910530 0.508277 -0.319262 -1.281737
3321B_2010_317_05_0165_RGB 80668.434860 -3673732.542170 5529.897070 0.064331 -0.187991 -0.947533
3321B_2010_317_05_0166_RGB 82205.221160 -3673756.810460 5529.223040 -1.188138 -0.331313 0.176639
3321B_2010_317_05_0167_RGB 83741.564490 -3673754.856270 5528.780600 -0.598064 0.235850 0.857260
3321B_2010_317_05_0168_RGB 85275.828190 -3673738.002410 5530.355560 -0.615297 -0.380865 1.522518
3321B_2010_317_05_0169_RGB 86813.012820 -3673717.791770 5529.831050 0.322078 -0.550287 1.226055
3321B_2010_317_05_0170_RGB 88349.484680 -3673711.246710 5530.131440 0.703013 -0.207456 0.722997
3321B_2010_317_05_0171_RGB 89884.547700 -3673719.989980 5528.927330 0.980554 -0.302898 -0.045896
3321B_2010_317_05_0172_RGB 91421.131390 -3673729.312470 5531.120030 -0.236153 -0.677780 0.503475
3321B_2010_317_05_0173_RGB 92956.298280 -3673727.239630 5529.358680 0.375488 -0.103538 0.595609
3321B_2010_317_05_0174_RGB 94493.961490 -3673730.448670 5529.732420 0.374970 0.048509 0.513597
3321B_2010_317_05_0175_RGB 96029.506920 -3673755.763760 5530.073240 1.630654 0.132908 -0.941844
3321B_2010_317_06_0176_RGB 96024.607850 -3678394.960020 5530.249690 0.991384 -0.192631 -178.941198
3321B_2010_317_06_0177_RGB 94487.964960 -3678419.369000 5529.508520 -0.233507 0.037954 -178.820052
3321B_2010_317_06_0178_RGB 92952.185950 -3678441.145710 5528.994740 0.751067 0.088397 -178.378526
3321B_2010_317_06_0179_RGB 91416.507030 -3678471.125410 5527.483730 0.134567 0.323081 -178.242842
3321B_2010_317_06_0180_RGB 89880.109980 -3678492.624280 5528.627440 -1.477593 0.301211 -179.330334
3321B_2010_317_06_0181_RGB 88343.881120 -3678492.977530 5527.923990 -0.230582 0.043125 -179.507336
3321B_2010_317_06_0182_RGB 86805.957430 -3678488.603810 5529.249260 -0.955198 0.223762 179.930906
3321B_2010_317_06_0183_RGB 85271.788230 -3678459.913840 5529.688140 -0.274067 0.301404 179.336614
3321B_2010_317_06_0184_RGB 83736.752200 -3678430.709430 5528.529030 -0.188317 0.251775 179.248339
3321B_2010_317_06_0185_RGB 82200.187810 -3678401.935400 5529.516330 0.581405 0.672061 179.658964
3321B_2010_317_06_0186_RGB 80663.641620 -3678393.138650 5528.397250 0.686743 0.199025 -179.413940
3321B_2010_317_06_0187_RGB 79127.179450 -3678399.337170 5530.760210 1.081363 0.323489 -178.798630
3321B_2010_317_06_0188_RGB 77592.398670 -3678429.925460 5527.459650 -0.478191 -0.043774 -178.575360
3321B_2010_317_06_0189_RGB 76056.498140 -3678445.360480 5529.069580 -0.452209 0.172201 -178.980548
3321B_2010_317_06_0190_RGB 74520.258440 -3678467.993370 5531.345150 0.605039 0.131837 -178.247766
3321B_2010_317_06_0191_RGB 72983.904380 -3678489.474520 5530.174310 -1.927733 -0.604393 -179.717338
3321B_2010_317_06_0192_RGB 71448.449100 -3678459.385080 5530.365160 -1.018105 0.309960 179.157603
3321B_2010_317_06_0193_RGB 69912.636890 -3678444.976150 5528.819290 0.578941 0.402822 -179.735519
3321B_2010_317_06_0194_RGB 68376.586950 -3678457.027460 5530.038720 0.802643 0.352985 -178.665530
3321B_2010_317_06_0195_RGB 66839.993030 -3678483.445830 5529.856610 0.030302 0.347027 -178.532261
3321B_2010_317_06_0196_RGB 65303.844490 -3678502.186320 5529.876810 -0.515997 0.271340 -179.106084
3321B_2010_317_06_0197_RGB 63767.216700 -3678514.787240 5528.675440 0.100283 0.282803 -178.846638
3321B_2010_317_06_0198_RGB 62231.749200 -3678534.273070 5530.986230 -0.455604 0.009795 -178.760573
3321B_2010_317_06_0199_RGB 60692.236600 -3678537.376150 5528.442310 -0.848281 -0.090389 -179.818527
3321B_2010_317_06_0200_RGB 59159.314180 -3678531.269250 5529.118660 0.012997 0.117960 -179.769061
3321B_2010_317_06_0201_RGB 57623.540050 -3678537.382910 5527.475280 0.337764 0.035879 -179.174079
3321B_2010_317_06_0202_RGB 56083.173130 -3678545.137090 5528.993420 -0.666582 -0.101279 -179.587961
3321B_2010_317_06_0203_RGB 54547.622620 -3678532.659270 5529.212430 -0.078315 -0.069888 -179.937159
3321B_2010_317_06_0204_RGB 53010.874210 -3678520.382420 5529.401050 -0.406532 0.463855 179.884413
3321B_2010_317_06_0205_RGB 51478.751510 -3678501.241150 5528.074150 -0.347192 -0.068187 179.621377
3321B_2010_317_06_0206_RGB 49942.417990 -3678487.807790 5529.316580 0.354844 0.098279 -179.932359
3321B_2010_317_06_0207_RGB 48406.199590 -3678480.801950 5527.725230 -0.277495 0.374766 -179.962647
3321B_2010_317_06_0208_RGB 46870.443600 -3678462.582250 5528.345340 0.010324 0.488486 179.808139
3321B_2010_317_06_0209_RGB 45334.808430 -3678452.911480 5528.049060 -0.015961 -0.008960 -179.869071
3321B_2010_317_06_0210_RGB 43798.247440 -3678446.718320 5529.035140 0.388808 -0.137401 -179.659562
3321B_2010_317_07_0211_RGB 43809.976960 -3683375.510680 5744.525960 -0.299864 -0.563956 0.258723
3321B_2010_317_07_0212_RGB 45342.591230 -3683368.558840 5745.298600 -0.837140 -0.578906 1.072274
3321B_2010_317_07_0213_RGB 46881.589710 -3683357.999150 5747.568920 0.659598 -0.667119 0.410910
3321B_2010_317_07_0214_RGB 48415.955790 -3683367.855870 5744.674890 0.275202 -0.419092 -0.412277
3321B_2010_317_07_0215_RGB 49951.188590 -3683381.658710 5747.530300 -0.799045 -0.207348 0.360277
3321B_2010_317_07_0216_RGB 51486.183720 -3683380.305760 5746.259460 -0.431804 -0.124770 0.694748
3321B_2010_317_07_0217_RGB 53022.518740 -3683376.481930 5748.369320 0.489731 -0.020175 0.535140
3321B_2010_317_07_0218_RGB 54557.904610 -3683384.777700 5746.758380 0.247249 0.222245 0.232722
3321B_2010_317_07_0219_RGB 56092.702200 -3683385.976200 5747.825290 -0.486211 0.025358 0.732259
3321B_2010_317_07_0220_RGB 57628.839240 -3683374.011390 5747.020750 -0.271563 -0.027398 1.095827
3321B_2010_317_07_0221_RGB 59164.564300 -3683360.442590 5748.266750 0.238047 -0.148265 1.068716
3321B_2010_317_07_0222_RGB 60701.682830 -3683359.530990 5745.554060 1.241911 0.013803 0.188932
3321B_2010_317_07_0223_RGB 62237.366480 -3683374.071060 5749.633770 0.282826 -0.438994 0.025096
3321B_2010_317_07_0224_RGB 63773.014900 -3683385.171820 5746.460730 -0.310761 -0.395540 0.268061
3321B_2010_317_07_0225_RGB 65308.337660 -3683383.827090 5748.749460 -0.340369 -0.468459 0.680962
3321B_2010_317_07_0226_RGB 66844.476620 -3683374.522750 5747.278800 -0.179860 -0.427253 0.953743
3321B_2010_317_07_0227_RGB 68382.034060 -3683359.780020 5748.428750 0.177724 -0.451064 1.078940
3321B_2010_317_07_0228_RGB 69917.245840 -3683348.610810 5748.871640 0.088669 -0.469436 0.942973
3321B_2010_317_07_0229_RGB 71453.032610 -3683337.564120 5747.990110 0.364484 -0.374813 0.940344
3321B_2010_317_07_0230_RGB 72988.193360 -3683339.636510 5748.193920 0.980087 -0.244157 0.117903
3321B_2010_317_07_0231_RGB 74523.853360 -3683362.895370 5748.866770 0.476135 -0.145057 -0.424485
3321B_2010_317_07_0232_RGB 76060.871800 -3683380.399470 5747.791840 -0.156760 -0.221438 -0.146984
3321B_2010_317_07_0233_RGB 77596.717360 -3683394.376710 5748.340190 -0.414507 -0.272350 0.133899
3321B_2010_317_07_0234_RGB 79134.108970 -3683397.801880 5748.444130 -0.440526 -0.147473 0.465768
3321B_2010_317_07_0235_RGB 80670.051430 -3683392.240190 5748.253650 -0.390764 -0.111152 0.805730
3321B_2010_317_07_0236_RGB 82205.960980 -3683388.896720 5748.443850 0.357674 -0.098138 0.667087
3321B_2010_317_07_0237_RGB 83740.738090 -3683397.172780 5747.721460 0.304520 0.017707 0.206633
3321B_2010_317_07_0238_RGB 85277.200430 -3683403.281410 5748.992140 -0.290373 -0.115435 0.477697
3321B_2010_317_07_0239_RGB 86819.328650 -3683397.522920 5748.478950 -0.120988 -0.109284 0.752716
3321B_2010_317_07_0240_RGB 88349.823540 -3683387.363180 5748.303560 -0.051401 -0.076239 0.978404
3321B_2010_317_07_0241_RGB 89885.498370 -3683384.424680 5748.648510 0.973826 -0.216681 0.260941
3321B_2010_317_07_0242_RGB 91421.719340 -3683405.873360 5748.138560 0.565050 -0.243965 -0.471984
3321B_2010_317_07_0243_RGB 92955.817960 -3683427.911630 5748.630010 0.018015 -0.257702 -0.328076
3321B_2010_317_07_0244_RGB 94492.107610 -3683434.616100 5749.365510 -1.356662 -0.324275 0.777676
3321B_2010_317_07_0245_RGB 96033.299370 -3683410.921980 5749.008770 -1.225353 -0.294908 1.921658
3321B_2010_317_08_0246_RGB 96021.851290 -3688176.872670 5956.632200 0.375560 -0.179200 -179.234079
3321B_2010_317_08_0247_RGB 94485.305220 -3688179.615090 5956.578400 -0.070172 -0.003289 -179.215028
3321B_2010_317_08_0248_RGB 92950.431570 -3688180.672280 5954.406310 -0.699419 0.116717 -179.588095
3321B_2010_317_08_0249_RGB 92183.327410 -3688175.969450 5955.656140 -0.279063 0.235953 -179.701958
3321B_2010_317_08_0250_RGB 91414.704750 -3688175.055460 5956.558440 0.262865 0.134635 -179.342008
3321B_2010_317_08_0251_RGB 89880.009530 -3688173.119130 5955.547090 -1.218092 0.223878 179.873398
3321B_2010_317_08_0252_RGB 88344.522350 -3688144.694740 5954.601120 0.075195 0.124513 179.711067
3321B_2010_317_08_0253_RGB 86808.263700 -3688138.258790 5955.259790 0.917820 0.186939 -179.151809
3321B_2010_317_08_0254_RGB 85272.766830 -3688165.039400 5955.139710 1.172643 0.206442 -177.853717
3321B_2010_317_08_0255_RGB 83735.586210 -3688191.912410 5954.843610 -1.160587 0.322171 -179.023993
3321B_2010_317_08_0256_RGB 82199.384060 -3688186.989350 5954.547100 -0.424725 0.266122 -179.578403
3321B_2010_317_08_0257_RGB 80664.121120 -3688187.471140 5954.874920 0.037946 0.273268 -179.118131
3321B_2010_317_08_0258_RGB 79127.741520 -3688186.823960 5954.807170 -0.834719 0.338956 -179.572140
3321B_2010_317_08_0259_RGB 77592.480570 -3688173.362430 5954.172150 -0.193771 0.173705 -179.865302
3321B_2010_317_08_0260_RGB 76055.231070 -3688160.429440 5954.520900 -0.027823 0.102500 -179.772111
3321B_2010_317_08_0261_RGB 74516.476100 -3688140.018200 5953.585500 -0.527779 0.124976 179.679555
3321B_2010_317_08_0262_RGB 72983.509250 -3688117.083040 5955.649480 -0.257210 0.226763 179.778002
3321B_2010_317_08_0263_RGB 71443.780850 -3688089.233510 5953.201070 0.239642 0.099001 179.813507
3321B_2010_317_08_0264_RGB 69908.250490 -3688081.888710 5954.563720 0.526264 0.135743 -179.318612
3321B_2010_317_08_0265_RGB 68372.973280 -3688088.656230 5953.392730 0.371817 0.110741 -178.972004
3321B_2010_317_08_0266_RGB 66835.995830 -3688110.037610 5953.691130 0.366975 0.143695 -178.350651
3321B_2010_317_08_0267_RGB 65302.146530 -3688151.907870 5954.028070 -0.480508 0.136130 -177.983623
3321B_2010_317_08_0268_RGB 63763.205850 -3688160.104170 5953.856690 -1.555201 0.286816 -179.776180
3321B_2010_317_08_0269_RGB 62230.272470 -3688146.684620 5953.578440 0.205680 0.317376 -179.537321
3321B_2010_317_08_0270_RGB 60695.119550 -3688148.651480 5955.138830 0.089637 0.502239 -179.250243
3321B_2010_317_08_0271_RGB 59159.212800 -3688152.552210 5953.768900 0.024992 0.503801 -179.261104
3321B_2010_317_08_0272_RGB 57624.484540 -3688157.688900 5954.153360 -0.621155 0.487245 -179.620090
3321B_2010_317_08_0273_RGB 56087.436830 -3688145.331180 5952.637470 0.118166 0.300642 -179.847597
3321B_2010_317_08_0274_RGB 54551.751510 -3688139.917730 5954.757980 -0.051178 0.271165 -179.503450
3321B_2010_317_08_0275_RGB 53014.737250 -3688128.261670 5953.441620 -0.381949 0.168360 179.788058
3321B_2010_317_08_0276_RGB 51479.293920 -3688116.363910 5953.058230 0.349072 -0.155838 -179.734723
3321B_2010_317_08_0277_RGB 49942.579920 -3688118.752900 5954.177750 -0.148416 -0.026980 -179.350938
3321B_2010_317_08_0278_RGB 48407.252880 -3688108.967220 5953.215860 -0.184531 0.043279 -179.749316
3321B_2010_317_08_0279_RGB 46872.250260 -3688108.176030 5952.612310 -0.044300 -0.102377 -179.414988
3321B_2010_317_08_0280_RGB 45335.111500 -3688103.206340 5951.698420 0.023784 0.053850 -179.536232
3321B_2010_317_08_0281_RGB 43800.510690 -3688113.443700 5953.224580 0.732598 0.195189 -178.503190
3321B_2010_317_09_0282_RGB 43806.221400 -3692926.515990 5823.458010 -1.404361 -0.040417 0.368919
3321B_2010_317_09_0283_RGB 45344.481130 -3692923.824800 5825.081960 -1.346782 -0.294734 0.809282
3321B_2010_317_09_0284_RGB 46878.647210 -3692915.642460 5824.605510 -0.910025 -0.186817 0.748292
3321B_2010_317_09_0285_RGB 48417.666440 -3692917.577250 5825.798700 0.767527 -0.082127 0.172858
3321B_2010_317_09_0286_RGB 49950.962060 -3692928.873510 5824.674710 0.220483 -0.080605 0.111269
3321B_2010_317_09_0287_RGB 51484.553630 -3692930.917460 5826.430590 0.137846 -0.204455 0.487761
3321B_2010_317_09_0288_RGB 53019.806030 -3692924.024970 5825.268430 -0.538797 -0.040903 1.069960
3321B_2010_317_09_0289_RGB 54557.473130 -3692904.992860 5826.639200 -0.105461 -0.031973 1.271342
3321B_2010_317_09_0290_RGB 56092.432550 -3692890.506210 5824.974580 0.532576 0.110439 0.880547
3321B_2010_317_09_0291_RGB 57628.614360 -3692882.025350 5826.644080 0.080368 0.119092 0.783290
3321B_2010_317_09_0292_RGB 59163.700060 -3692866.840640 5826.008590 -0.400859 0.232828 1.238828
3321B_2010_317_09_0293_RGB 60700.351770 -3692839.427830 5825.783250 -0.313613 0.205133 1.769140
3321B_2010_317_09_0294_RGB 62237.302840 -3692814.243110 5825.836940 0.675135 0.131579 1.317086
3321B_2010_317_09_0295_RGB 63773.000250 -3692806.715380 5825.703560 1.033170 -0.196457 0.597247
3321B_2010_317_09_0296_RGB 65309.110800 -3692820.913590 5825.455370 1.232041 -0.356583 -0.247871
3321B_2010_317_09_0297_RGB 66844.684940 -3692848.079720 5825.878380 0.176115 -0.570005 -0.453562
3321B_2010_317_09_0298_RGB 68380.676730 -3692864.540340 5825.894500 -0.437268 -0.735914 0.115795
3321B_2010_317_09_0299_RGB 69915.887030 -3692858.423790 5825.007580 -1.383477 -0.710809 1.219403
3321B_2010_317_09_0300_RGB 71451.465650 -3692828.975060 5827.102310 0.284834 -0.818416 1.392742
3321B_2010_317_09_0301_RGB 72987.567570 -3692820.851190 5826.245630 1.121757 -0.674505 0.599011
3321B_2010_317_09_0302_RGB 74524.384690 -3692829.385300 5826.245910 0.321210 -0.585573 0.206832
3321B_2010_317_09_0303_RGB 76059.929230 -3692839.066970 5826.080500 0.314675 -0.482664 0.129707
3321B_2010_317_09_0304_RGB 77594.603480 -3692850.158330 5825.915920 0.335474 -0.338462 0.082027
3321B_2010_317_09_0305_RGB 78363.817940 -3692855.326360 5827.426760 0.168569 -0.295417 0.152909
3321B_2010_317_09_0306_RGB 79131.272890 -3692858.268000 5827.355420 -0.157757 -0.230109 0.320585
3321B_2010_317_09_0307_RGB 79899.854350 -3692858.751550 5826.751360 -0.317099 -0.164020 0.495281
3321B_2010_317_09_0308_RGB 80667.932040 -3692857.519360 5827.041940 -0.254972 -0.073075 0.588326
3321B_2010_317_09_0309_RGB 82203.783520 -3692860.492770 5827.509720 0.582697 0.056631 0.103928
3321B_2010_317_09_0310_RGB 83740.766830 -3692875.799860 5826.342180 0.558828 0.147875 -0.184257
3321B_2010_317_09_0311_RGB 84508.532560 -3692885.577750 5825.943330 0.236367 0.189913 -0.218574
3321B_2010_317_09_0312_RGB 85276.608910 -3692893.026510 5827.067000 -0.252649 0.063198 0.052063
3321B_2010_317_09_0313_RGB 86043.164830 -3692896.088770 5827.828530 -0.589127 0.014954 0.392049
3321B_2010_317_09_0314_RGB 86811.272310 -3692895.426200 5827.952480 -0.519632 0.036581 0.640663
3321B_2010_317_09_0315_RGB 87578.834780 -3692893.424840 5827.784620 -0.278563 0.017863 0.773305
3321B_2010_317_09_0316_RGB 88347.371420 -3692889.333070 5827.637960 -0.139240 0.022859 0.836410
3321B_2010_317_09_0317_RGB 89115.880130 -3692884.470220 5828.129930 -0.316113 -0.092532 0.945812
3321B_2010_317_09_0318_RGB 89883.337450 -3692878.869150 5828.133150 0.116996 -0.078663 0.985872
3321B_2010_317_09_0319_RGB 90652.065170 -3692875.876030 5828.347840 0.564068 -0.090456 0.670700
3321B_2010_317_09_0320_RGB 91420.387520 -3692878.210620 5827.914260 0.754129 -0.109950 0.335827
3321B_2010_317_09_0321_RGB 92188.211520 -3692884.161620 5827.395140 0.740118 -0.179074 0.074419
3321B_2010_317_09_0322_RGB 92956.442160 -3692894.287710 5827.824010 0.812115 -0.216814 -0.263529
3321B_2010_317_09_0323_RGB 94492.196840 -3692921.490620 5827.970570 0.781395 -0.154259 -0.747278
3321B_2010_317_09_0324_RGB 96027.083490 -3692954.413810 5829.220070 0.212064 -0.168103 -0.617604
3321B_2010_317_10_0325_RGB 96022.172330 -3697324.551330 6078.801070 -1.019073 -0.903720 -179.403503
3321B_2010_317_10_0326_RGB 94485.711680 -3697319.393210 6079.269770 -0.577923 -0.705056 -179.217986
3321B_2010_317_10_0327_RGB 92950.572770 -3697327.070470 6078.673430 -1.217035 -0.768493 -179.277629
3321B_2010_317_10_0328_RGB 91414.363420 -3697311.617070 6079.303300 -0.501518 -0.306759 179.995304
3321B_2010_317_10_0329_RGB 89878.518870 -3697292.140730 6078.759500 0.463946 -0.244885 -179.667914
3321B_2010_317_10_0330_RGB 88341.719890 -3697304.404060 6077.739120 0.808807 -0.408551 -178.346039
3321B_2010_317_10_0331_RGB 86805.713730 -3697315.431270 6078.854490 -1.170862 -0.302732 -179.666076
3321B_2010_317_10_0332_RGB 85270.816230 -3697295.011380 6078.381910 -0.312275 -0.181627 179.831376
3321B_2010_317_10_0333_RGB 83735.488410 -3697283.100630 6078.631430 0.489874 -0.014451 -179.401355
3321B_2010_317_10_0334_RGB 82199.013230 -3697296.440130 6077.557380 -0.753921 0.093274 -179.214881
3321B_2010_317_10_0335_RGB 80662.489420 -3697292.222670 6077.484850 -0.123418 0.226458 -179.507245
3321B_2010_317_10_0336_RGB 79125.781150 -3697294.460730 6077.275940 0.684183 0.325308 -178.897551
3321B_2010_317_10_0337_RGB 77590.224190 -3697315.891760 6076.555570 -0.813007 0.461076 -179.038731
3321B_2010_317_10_0338_RGB 76053.858330 -3697310.678960 6075.933460 -1.057142 0.333724 179.955209
3321B_2010_317_10_0339_RGB 74519.032850 -3697285.779110 6076.783040 0.048087 0.303336 179.870335
3321B_2010_317_10_0340_RGB 72982.026110 -3697268.486640 6075.398690 -0.252428 0.243004 179.926465
3321B_2010_317_10_0341_RGB 71446.123020 -3697242.590250 6075.762490 -0.255272 0.103720 179.538626
3321B_2010_317_10_0342_RGB 69911.550160 -3697219.755280 6075.678330 0.514437 0.147100 -179.986163
3321B_2010_317_10_0343_RGB 68371.384500 -3697217.626230 6075.492000 0.246823 0.030643 -179.285463
3321B_2010_317_10_0344_RGB 66838.895600 -3697234.141910 6075.931200 0.201108 0.293002 -178.545420
3321B_2010_317_10_0345_RGB 65302.413100 -3697254.637290 6074.845650 -0.074683 0.266849 -178.530070
3321B_2010_317_10_0346_RGB 63763.882510 -3697270.700370 6075.778130 -0.308402 0.236407 -178.866948
3321B_2010_317_10_0347_RGB 62996.865980 -3697275.486930 6075.075400 -0.290385 0.212560 -178.857295
3321B_2010_317_10_0348_RGB 62227.708330 -3697277.619070 6074.762320 -0.529842 0.282078 -179.372677
3321B_2010_317_10_0349_RGB 60691.016830 -3697267.732440 6075.444050 -0.663778 0.302646 -179.915961
3321B_2010_317_10_0350_RGB 59158.524620 -3697244.545110 6074.553990 0.103075 0.189490 179.786619
3321B_2010_317_10_0351_RGB 57620.371080 -3697227.255420 6077.205790 0.213029 0.291852 -179.833635
3321B_2010_317_10_0352_RGB 56086.184490 -3697228.610620 6076.963820 0.282111 0.427457 -179.143302
3321B_2010_317_10_0353_RGB 54550.669340 -3697235.672200 6073.962980 -0.059603 0.296004 -179.100039
3321B_2010_317_10_0354_RGB 53014.554940 -3697250.867380 6076.925810 -0.010185 0.555450 -178.533628
3321B_2010_317_10_0355_RGB 51478.383100 -3697265.506880 6076.476160 -0.349375 0.543139 -178.891479
3321B_2010_317_10_0356_RGB 49942.354660 -3697272.774610 6076.501230 -0.203444 0.324857 -179.155876
3321B_2010_317_10_0357_RGB 48406.729700 -3697277.632710 6074.709590 0.248334 0.195546 -179.064914
3321B_2010_317_10_0358_RGB 46870.821560 -3697294.401300 6075.600360 -0.721358 -0.082993 -178.992730
3321B_2010_317_10_0359_RGB 45335.060070 -3697299.828920 6075.077640 -0.248501 -0.207012 -179.110470
3321B_2010_317_10_0360_RGB 43798.978970 -3697294.410280 6075.450720 -0.539847 -0.165407 -179.741433
3321B_2010_317_11_0361_RGB 43806.734710 -3702026.927740 5580.797540 3.036398 -0.079793 0.765702
3321B_2010_317_11_0362_RGB 45346.776580 -3702022.367430 5582.925790 1.321861 -0.105279 0.108232
3321B_2010_317_11_0363_RGB 46882.566040 -3702042.027190 5582.118440 0.941885 0.278693 -0.720991
3321B_2010_317_11_0364_RGB 48413.189760 -3702071.671960 5581.571470 0.081700 0.655509 -0.805424
3321B_2010_317_11_0365_RGB 49953.996950 -3702101.963590 5581.277770 -0.066083 0.888646 -0.778817
3321B_2010_317_11_0366_RGB 51489.325510 -3702132.168400 5578.544920 -0.548324 0.612098 -0.538305
3321B_2010_317_11_0367_RGB 53022.328900 -3702147.476050 5580.907190 -0.901167 -0.108774 0.077145
3321B_2010_317_11_0368_RGB 54555.871200 -3702152.059820 5578.787440 -0.029225 -0.426980 0.289648
3321B_2010_317_11_0369_RGB 56096.289630 -3702159.454010 5580.840970 0.090863 -0.997552 0.317232
3321B_2010_317_11_0370_RGB 57629.683660 -3702165.554380 5580.371540 -0.178518 -1.165685 0.470710
3321B_2010_317_11_0371_RGB 59163.129810 -3702170.407810 5581.424860 0.145353 -1.269648 0.160546
3321B_2010_317_11_0372_RGB 60700.964420 -3702171.127020 5582.134760 -0.428358 -1.127256 0.627398
3321B_2010_317_11_0373_RGB 62235.892230 -3702147.056100 5584.566500 -1.326806 -0.959474 1.826812
3321B_2010_317_11_0374_RGB 63772.277250 -3702107.694610 5583.278660 0.390635 -0.185723 1.674544
3321B_2010_317_11_0375_RGB 65308.277500 -3702089.280630 5582.805850 1.156457 0.283519 0.730458
3321B_2010_317_11_0376_RGB 66844.836710 -3702097.519880 5582.006190 1.344385 0.669444 -0.230406
3321B_2010_317_11_0377_RGB 68378.911090 -3702126.928180 5582.925120 1.081424 0.522340 -0.800538
3321B_2010_317_11_0378_RGB 69916.634520 -3702154.149590 5581.838660 -0.257538 0.203066 -0.320349
3321B_2010_317_11_0379_RGB 71452.676910 -3702154.048060 5581.904070 -1.385294 -0.139531 0.899385
3321B_2010_317_11_0380_RGB 72988.899070 -3702119.975000 5581.659760 -1.344545 -0.184905 2.073491
3321B_2010_317_11_0381_RGB 74524.880830 -3702072.569970 5582.661190 -0.119338 -0.164156 2.229952
3321B_2010_317_11_0382_RGB 76060.584240 -3702032.470500 5582.318400 0.698081 -0.144545 1.767573
3321B_2010_317_11_0383_RGB 77595.775120 -3702020.236240 5582.132270 1.685239 -0.221599 0.386534
3321B_2010_317_11_0384_RGB 79131.427070 -3702028.697330 5581.794400 0.974283 -0.437674 -0.047468
3321B_2010_317_11_0385_RGB 80667.249090 -3702042.014000 5582.773660 0.249331 -0.713576 0.026096
3321B_2010_317_11_0386_RGB 82203.307910 -3702046.301840 5582.433640 -0.323198 -0.855560 0.445552
3321B_2010_317_11_0387_RGB 83739.082480 -3702044.554010 5583.228990 0.401727 -0.863184 0.442702
3321B_2010_317_11_0388_RGB 85276.046360 -3702053.778880 5582.538310 0.473323 -0.794174 -0.079743
3321B_2010_317_11_0389_RGB 86811.379150 -3702079.383080 5583.931030 1.000013 -0.758923 -0.761984
3321B_2010_317_11_0390_RGB 88348.022830 -3702113.231980 5582.812350 0.063706 -0.705046 -0.687835
3321B_2010_317_11_0391_RGB 89883.930790 -3702143.582960 5582.717200 0.125405 -0.522298 -0.664370
3321B_2010_317_11_0392_RGB 91418.961240 -3702161.991250 5585.053970 -1.060496 -0.826998 0.200697
3321B_2010_317_11_0393_RGB 92955.896760 -3702155.133260 5581.414590 -0.725490 -0.731823 0.916921
3321B_2010_317_11_0394_RGB 94491.983670 -3702134.949990 5582.419730 -0.677802 -0.646815 1.416568
3321B_2010_317_11_0395_RGB 96026.929350 -3702103.814010 5583.296820 -0.255619 -0.720495 1.696212
3321B_2010_317_12_0396_RGB 96023.372360 -3706886.316480 5583.223240 -0.080156 0.513565 -179.527429
3321B_2010_317_12_0397_RGB 94487.403560 -3706895.599080 5582.361050 -0.276938 0.317750 -178.516150
3321B_2010_317_12_0398_RGB 92951.884970 -3706928.217030 5585.977210 -2.652448 0.593670 -178.993922
3321B_2010_317_12_0399_RGB 91415.912760 -3706924.313600 5584.467650 -1.244163 0.305541 -179.655768
3321B_2010_317_12_0400_RGB 89880.093010 -3706902.720180 5581.167440 -0.540753 0.018405 179.283911
3321B_2010_317_12_0401_RGB 88344.224540 -3706881.829170 5582.360670 0.564809 -0.062993 -179.942080
3321B_2010_317_12_0402_RGB 86807.764260 -3706883.060120 5585.368730 -0.162208 0.114131 -179.704259
3321B_2010_317_12_0403_RGB 85271.171930 -3706876.885100 5583.112240 0.269930 -0.194682 -179.561501
3321B_2010_317_12_0404_RGB 83736.335510 -3706883.317010 5581.986590 0.635083 -0.217789 -178.988344
3321B_2010_317_12_0405_RGB 82199.181570 -3706905.308990 5583.227740 -1.054227 0.140937 -179.221392
3321B_2010_317_12_0406_RGB 80663.101410 -3706896.265870 5581.954220 -0.338183 0.225826 -179.914398
3321B_2010_317_12_0407_RGB 79127.919520 -3706893.572200 5581.366700 0.124171 0.115518 -179.524374
3321B_2010_317_12_0408_RGB 77591.628730 -3706897.994860 5581.635340 0.146999 -0.048273 -179.195951
3321B_2010_317_12_0409_RGB 76054.727550 -3706909.403950 5582.372050 0.041738 -0.152050 -179.191529
3321B_2010_317_12_0410_RGB 74519.843530 -3706915.472560 5581.516840 -0.462562 -0.219110 -179.401110
3321B_2010_317_12_0411_RGB 72982.699660 -3706904.557310 5580.910230 0.191490 -0.357330 -179.843728
3321B_2010_317_12_0412_RGB 71447.543550 -3706904.522650 5581.372590 0.011124 -0.358784 -179.503147
3321B_2010_317_12_0413_RGB 69910.701380 -3706901.978830 5581.628260 -0.424713 -0.102191 -179.751169
3321B_2010_317_12_0414_RGB 68375.396800 -3706889.220890 5581.122340 -0.117581 0.288362 179.953573
3321B_2010_317_12_0415_RGB 66838.808750 -3706885.631470 5581.095620 0.768250 0.627830 -179.204055
3321B_2010_317_12_0416_RGB 65302.840300 -3706913.059100 5580.542740 0.214815 0.652746 -178.361914
3321B_2010_317_12_0417_RGB 63767.749960 -3706947.014130 5581.182760 -0.548462 0.616294 -178.615069
3321B_2010_317_12_0418_RGB 62227.163840 -3706964.525140 5580.148770 -0.274105 0.317237 -179.057406
3321B_2010_317_12_0419_RGB 60694.904050 -3706969.658700 5582.183220 -0.636213 0.283545 -179.718471
3321B_2010_317_12_0420_RGB 59157.747110 -3706961.792400 5579.287530 -0.567267 0.023602 -179.959682
3321B_2010_317_12_0421_RGB 57618.187200 -3706948.438170 5580.883760 0.192269 -0.073216 -179.840044
3321B_2010_317_12_0422_RGB 56083.136050 -3706952.671690 5580.816470 0.132297 0.071050 -179.136427
3321B_2010_317_12_0423_RGB 54548.078610 -3706950.721090 5580.748330 0.004729 0.181707 -179.674782
3321B_2010_317_12_0424_RGB 53013.289800 -3706952.487190 5580.914410 -0.005205 0.339053 -179.477418
3321B_2010_317_12_0425_RGB 51477.794510 -3706950.479110 5580.720380 -0.174868 0.560111 -179.599403
3321B_2010_317_12_0426_RGB 49941.000300 -3706962.713000 5580.242500 0.583787 0.547266 -178.697074
3321B_2010_317_12_0427_RGB 48407.642230 -3706971.457920 5580.393820 -1.061451 0.529557 -179.952069
3321B_2010_317_12_0428_RGB 46871.450050 -3706950.638840 5580.704450 -0.647510 0.517895 179.511275
3321B_2010_317_12_0429_RGB 45334.619570 -3706924.000750 5581.685250 0.279075 0.668428 179.628635
3321B_2010_317_12_0430_RGB 43798.369160 -3706905.171170 5580.862700 -0.042811 0.689173 179.604784
3321B_2010_317_13_0431_RGB 46772.897670 -3649865.102480 5750.943680 -0.516856 -1.810066 -88.704823
3321B_2010_317_13_0432_RGB 46792.334210 -3651410.880610 5750.278990 -0.359678 -1.711513 -88.606545
3321B_2010_317_13_0433_RGB 46797.925800 -3652936.806180 5751.354890 -0.767883 -2.851455 -89.711809
3321B_2010_317_13_0434_RGB 46787.998520 -3654473.912450 5748.109160 -0.445754 -1.228241 -89.617515
3321B_2010_317_13_0435_RGB 46782.931680 -3656008.171240 5750.766700 -0.317017 0.116676 -89.436614
3321B_2010_317_13_0436_RGB 46780.861690 -3657545.477430 5748.167170 -0.137950 -0.573734 -89.641426
3321B_2010_317_13_0437_RGB 46756.582930 -3659080.484350 5750.860240 -0.452113 -1.026267 -90.616297
3321B_2010_317_13_0438_RGB 46730.247780 -3660617.133210 5748.436210 -0.240549 0.677217 -90.031227
3321B_2010_317_13_0439_RGB 46723.262090 -3662151.697570 5749.690810 -0.095197 0.378771 -89.490067
3321B_2010_317_13_0440_RGB 46725.422990 -3663693.350420 5749.007010 0.062687 0.132860 -89.274287
3321B_2010_317_13_0441_RGB 46733.309160 -3665223.803470 5749.086580 -0.178812 -0.351649 -89.229877
3321B_2010_317_13_0442_RGB 46722.611730 -3666760.637540 5748.053540 -0.271054 -0.745135 -90.071991
3321B_2010_317_13_0443_RGB 46700.613110 -3668299.298680 5747.500340 -0.323064 -0.410647 -90.251334
3321B_2010_317_13_0444_RGB 46684.099020 -3669831.211370 5746.953840 -0.154207 0.592368 -89.720863
3321B_2010_317_13_0445_RGB 46680.679420 -3671371.522100 5748.085320 -0.277092 -0.597798 -89.900611
3321B_2010_317_13_0446_RGB 46661.116500 -3672908.764340 5747.422640 -0.112725 -0.660276 -90.324835
3321B_2010_317_13_0447_RGB 46642.137150 -3674441.492310 5746.285380 0.284086 0.651097 -89.632252
3321B_2010_317_13_0448_RGB 46650.883440 -3675980.340300 5747.336930 0.073983 1.056054 -88.666499
3321B_2010_317_13_0449_RGB 46666.016180 -3677513.015980 5747.473980 -0.471687 -0.834237 -89.241195
3321B_2010_317_13_0450_RGB 46652.954050 -3679048.248180 5746.520850 -0.628124 -1.377312 -90.504195
3321B_2010_317_13_0451_RGB 46625.900840 -3680583.309780 5746.200440 -0.301308 -0.445023 -90.509120
3321B_2010_317_13_0452_RGB 46591.176860 -3682122.137380 5746.595170 -0.330713 -0.380072 -90.854463
3321B_2010_317_13_0453_RGB 46563.485450 -3683654.697640 5746.591470 -0.368691 0.260375 -90.224370
3321B_2010_317_13_0454_RGB 46547.442410 -3685191.539960 5746.641350 -0.208642 0.582462 -89.718780
3321B_2010_317_13_0455_RGB 46555.704740 -3686726.710790 5747.001470 -0.119777 0.983919 -88.767740
3321B_2010_317_13_0456_RGB 46584.529510 -3688263.635580 5746.550250 -0.204836 0.490168 -88.033547
3321B_2010_317_13_0457_RGB 46605.720260 -3689798.061470 5746.611290 -0.244152 -1.419833 -89.286295
3321B_2010_317_13_0458_RGB 46587.776000 -3691335.804520 5746.030150 -0.247555 -1.586113 -90.680461
3321B_2010_317_13_0459_RGB 46556.328290 -3692871.619640 5746.411090 -0.338173 0.159979 -90.397894
3321B_2010_317_13_0460_RGB 46537.023760 -3694406.360270 5745.513970 -0.333746 -0.250094 -90.200933
3321B_2010_317_13_0461_RGB 46517.853370 -3695943.251710 5745.688030 0.051570 0.280448 -90.074283
3321B_2010_317_13_0462_RGB 46515.742830 -3697478.088010 5745.688480 0.293702 0.703159 -89.385310
3321B_2010_317_13_0463_RGB 46519.359710 -3698246.652700 5746.406060 0.207810 0.526016 -89.197537
3321B_2010_317_13_0464_RGB 46525.119870 -3699014.802310 5744.248380 0.224970 0.434859 -88.998736
3321B_2010_317_13_0465_RGB 46534.646820 -3700550.034960 5746.527710 -0.721098 -0.468374 -89.245682
3321B_2010_317_13_0466_RGB 46537.934660 -3702085.885780 5743.564130 -0.693080 -0.607003 -89.453730
3321B_2010_317_13_0467_RGB 46526.849050 -3703621.533330 5743.951360 -0.357187 -0.313098 -89.845944
3321B_2010_317_13_0468_RGB 46520.459520 -3705158.995840 5744.404310 0.088983 -0.434477 -89.637093
3321B_2010_317_13_0469_RGB 46501.197340 -3706693.848050 5742.858140 -0.033786 -0.469937 -90.353327
3321B_2010_317_13_0470_RGB 46482.380540 -3708230.255690 5742.344110 -0.537203 0.087273 -89.995147
3321B_2010_317_13_0471_RGB 46465.071200 -3709765.348990 5742.786600 -0.828005 0.037398 -90.210703
3321B_2010_317_13_0472_RGB 46452.002470 -3711303.124150 5741.793170 0.024048 0.220163 -89.756959
3321B_2010_317_14_0473_RGB 93016.543880 -3711945.186710 5754.696250 1.341406 -0.238592 90.606389
3321B_2010_317_14_0474_RGB 93003.976870 -3710406.186410 5750.154080 0.887736 0.696642 90.436935
3321B_2010_317_14_0475_RGB 92998.059010 -3708869.613830 5753.285730 1.162261 -0.933939 90.351406
3321B_2010_317_14_0476_RGB 93006.304040 -3707334.532880 5751.397430 0.082393 -0.143363 90.063430
3321B_2010_317_14_0477_RGB 93020.891190 -3705798.204040 5752.234850 0.141770 0.510489 89.809139
3321B_2010_317_14_0478_RGB 93034.474220 -3704263.111060 5752.032550 0.117825 0.211387 89.840317
3321B_2010_317_14_0479_RGB 93048.337450 -3702725.558180 5752.743790 0.224399 -0.465765 90.175564
3321B_2010_317_14_0480_RGB 93048.280930 -3701192.373140 5753.564650 0.346634 -0.484217 90.717624
3321B_2010_317_14_0481_RGB 93037.957750 -3699657.866330 5753.293540 0.292935 0.135812 90.740557
3321B_2010_317_14_0482_RGB 93029.204690 -3698120.918210 5753.775760 0.230719 0.247568 90.700850
3321B_2010_317_14_0483_RGB 93030.838870 -3696584.942070 5753.800710 0.175412 0.391013 90.322368
3321B_2010_317_14_0484_RGB 93034.848460 -3695049.941980 5754.531600 0.389469 -0.327061 90.543453
3321B_2010_317_14_0485_RGB 93036.996140 -3693513.567140 5754.456670 0.138200 0.909393 89.954433
3321B_2010_317_14_0486_RGB 93050.508900 -3692746.352970 5754.446020 0.261720 1.006794 89.318214
3321B_2010_317_14_0487_RGB 93067.432260 -3691979.275760 5754.925190 0.353533 0.392135 89.145041
3321B_2010_317_14_0488_RGB 93083.440660 -3691209.593020 5755.219500 0.338326 0.130870 89.255366
3321B_2010_317_14_0489_RGB 93094.628590 -3690442.940140 5752.485800 0.194425 -0.663753 89.779714
3321B_2010_317_14_0490_RGB 93099.018220 -3689675.747910 5754.417150 0.353590 -0.624527 90.125309
3321B_2010_317_14_0491_RGB 93101.328060 -3688905.974100 5756.187460 0.227671 -0.191647 90.268703
3321B_2010_317_14_0492_RGB 93104.382450 -3688139.151100 5755.678750 0.157076 0.259531 90.150920
3321B_2010_317_14_0493_RGB 93107.674670 -3687369.894150 5755.083180 0.163922 -0.171307 90.225822
3321B_2010_317_14_0494_RGB 93110.721810 -3685834.913190 5755.258490 0.154292 0.023689 90.174612
3321B_2010_317_14_0495_RGB 93122.039390 -3684298.664870 5755.897610 0.223128 0.280842 89.882989
3321B_2010_317_14_0496_RGB 93138.890630 -3682761.838760 5755.321140 0.111655 0.439975 89.729970
3321B_2010_317_14_0497_RGB 93159.727690 -3681227.564920 5756.169750 0.145379 0.245676 89.536683
3321B_2010_317_14_0498_RGB 93183.460370 -3679690.641270 5756.174300 0.074128 0.231350 89.398078
3321B_2010_317_14_0499_RGB 93196.619400 -3678155.297200 5757.509050 0.562076 -1.077051 90.378212
3321B_2010_317_14_0500_RGB 93192.035160 -3676619.380940 5757.212750 0.096191 1.218298 89.969477
3321B_2010_317_14_0501_RGB 93214.372000 -3675083.511770 5758.144570 0.282412 0.585979 89.407170
3321B_2010_317_14_0502_RGB 93232.490560 -3673546.646890 5757.558670 0.500491 -0.729774 90.216872
3321B_2010_317_14_0503_RGB 93229.089120 -3672010.421370 5757.828990 0.288296 0.364192 90.360383
3321B_2010_317_14_0504_RGB 93245.459400 -3670475.156270 5759.075040 0.278811 0.537012 89.540871
3321B_2010_317_14_0505_RGB 93264.547560 -3668939.822470 5758.549490 0.266350 -0.372606 89.855589
3321B_2010_317_14_0506_RGB 93270.523690 -3667403.904870 5759.617770 0.175324 0.005941 90.356752
3321B_2010_317_14_0507_RGB 93278.788030 -3665867.176380 5759.150170 0.073799 0.286231 90.024615
3321B_2010_317_14_0508_RGB 93289.930880 -3664332.161590 5760.368270 0.193893 0.131394 90.005960
3321B_2010_317_14_0509_RGB 93306.263710 -3662796.080820 5759.901040 0.106470 0.571003 89.593842
3321B_2010_317_14_0510_RGB 93334.691480 -3661255.917220 5760.670570 0.295908 0.097254 89.425339
3321B_2010_317_14_0511_RGB 93355.095110 -3659719.869260 5761.154890 0.403160 -0.377544 89.736480
3321B_2010_317_14_0512_RGB 93375.036130 -3658188.788810 5761.246110 0.245125 0.700948 89.042606
3321B_2010_317_14_0513_RGB 93410.976110 -3656648.302790 5762.781900 0.329311 -0.321762 89.272486
3321B_2010_317_14_0514_RGB 93434.053220 -3655115.783560 5761.993490 0.136509 -0.040128 89.514904
3321B_2010_317_14_0515_RGB 93472.967460 -3653577.693470 5762.338380 0.155123 0.774200 88.541096
3321B_2010_317_14_0516_RGB 93520.979860 -3652043.728750 5763.232850 0.068920 0.193320 88.458057
3321B_2010_317_14_0517_RGB 93565.155350 -3650510.451570 5762.035020 0.035303 -0.185130 88.782581
