3322A_2010_320_01_0001_RGB -42935.766930 -3654341.193360 5856.549730 0.278188 -0.308885 179.595345
3322A_2010_320_01_0002_RGB -44471.122190 -3654324.590100 5856.199990 0.960216 -0.202568 -179.706444
3322A_2010_320_01_0003_RGB -46006.606850 -3654328.828270 5857.856390 0.417353 -0.075295 -179.164689
3322A_2010_320_01_0004_RGB -47542.304090 -3654320.873730 5857.047040 -0.647805 0.033834 179.928186
3322A_2010_320_01_0005_RGB -49078.220900 -3654310.994540 5855.271440 0.143851 -0.035284 -179.506038
3322A_2010_320_01_0006_RGB -50614.201950 -3654312.035620 5857.719280 0.093392 0.164012 -179.028785
3322A_2010_320_01_0007_RGB -52150.282260 -3654311.465560 5856.396910 -0.162688 -0.057055 -179.487393
3322A_2010_320_01_0008_RGB -53685.211760 -3654311.733380 5856.109690 -0.290235 0.118422 -179.514259
3322A_2010_320_01_0009_RGB -55222.350960 -3654313.276220 5855.617790 0.305471 0.202243 -179.000645
3322A_2010_320_01_0010_RGB -56761.894940 -3654316.585250 5852.911010 -0.448571 0.077284 -179.522869
3322A_2010_320_01_0011_RGB -58293.513660 -3654319.915290 5855.887010 0.083810 0.617564 -178.949846
3322A_2010_320_01_0012_RGB -59832.577150 -3654336.089340 5855.925810 0.364737 0.701290 -178.510692
3322A_2010_320_01_0013_RGB -61369.091160 -3654359.649200 5855.384850 -0.176241 0.297866 -178.638732
3322A_2010_320_01_0014_RGB -62904.732490 -3654358.306370 5857.459850 -1.430802 0.091137 179.544989
3322A_2010_320_01_0015_RGB -64440.775690 -3654322.463770 5857.634090 -1.087553 0.032560 178.708451
3322A_2010_320_01_0016_RGB -65974.458530 -3654283.394730 5854.405960 1.057477 -0.094596 179.925734
3322A_2010_320_01_0017_RGB -67513.798180 -3654279.411280 5858.813650 0.127997 0.340118 -179.396856
3322A_2010_320_01_0018_RGB -69047.119200 -3654273.534800 5857.321590 -0.618780 0.415885 -179.897315
3322A_2010_320_01_0019_RGB -70581.796400 -3654266.632380 5855.168180 0.726617 0.172532 -179.040792
3322A_2010_320_01_0020_RGB -72119.508680 -3654285.374310 5856.007760 0.157154 0.055304 -178.579321
3322A_2010_320_01_0021_RGB -73653.623530 -3654300.271090 5857.922530 -0.919702 0.256942 -179.279600
3322A_2010_320_01_0022_RGB -75189.694900 -3654295.816330 5856.758890 -0.261686 0.202153 -179.792353
3322A_2010_320_01_0023_RGB -76724.582940 -3654304.929210 5855.861080 0.163989 0.256681 -178.928854
3322A_2010_320_01_0024_RGB -78261.021890 -3654317.570900 5856.348870 -0.026493 0.344516 -178.960146
3322A_2010_320_01_0025_RGB -79798.159990 -3654328.363370 5857.379730 0.367963 0.164787 -178.881115
3322A_2010_320_01_0026_RGB -81333.566860 -3654355.213390 5857.261530 0.012871 0.226074 -178.458903
3322A_2010_320_01_0027_RGB -82869.326710 -3654381.868950 5855.619890 -1.298131 0.065712 -178.830392
3322A_2010_320_01_0028_RGB -84405.435800 -3654353.662650 5856.945010 -1.265372 0.131014 178.994212
3322A_2010_320_01_0029_RGB -85940.704080 -3654322.531360 5858.624220 0.612679 0.301429 179.897371
3322A_2010_320_01_0030_RGB -87477.074040 -3654301.612100 5856.593890 -0.070379 0.109681 179.773657
3322A_2010_320_01_0031_RGB -89013.969660 -3654281.157440 5857.691670 -0.223141 0.399728 179.751519
3322A_2010_320_01_0032_RGB -90549.985470 -3654273.721990 5858.329780 0.794868 0.610792 -179.228341
3322A_2010_320_01_0033_RGB -92086.249530 -3654283.085320 5857.032700 -0.069690 0.219814 -178.922808
3322A_2010_320_01_0034_RGB -93621.382290 -3654288.553980 5858.250220 -0.175230 0.108333 -179.067839
3322A_2010_320_01_0035_RGB -95156.932250 -3654293.929830 5859.430760 -0.030916 0.258462 -179.146437
3322A_2010_320_01_0036_RGB -96693.871580 -3654302.845430 5857.684790 -0.090239 0.130973 -179.182705
3322A_2010_320_02_0037_RGB -96687.667360 -3659123.319770 5832.981620 3.779210 -1.047252 1.138652
3322A_2010_320_02_0038_RGB -95152.638780 -3659113.816520 5826.572520 3.259756 -0.507673 1.226905
3322A_2010_320_02_0039_RGB -93616.274370 -3659110.403510 5830.979040 3.610735 -0.829599 0.798195
3322A_2010_320_02_0040_RGB -92079.708720 -3659121.119430 5827.163660 1.599173 -0.154700 -0.174547
3322A_2010_320_02_0041_RGB -90543.095530 -3659153.979500 5828.145180 1.017713 0.081055 -1.056930
3322A_2010_320_02_0042_RGB -89007.791030 -3659192.058690 5829.264730 -0.700209 -0.194998 -0.314560
3322A_2010_320_02_0043_RGB -87471.814280 -3659196.882920 5827.448350 -1.226994 -0.143500 0.982934
3322A_2010_320_02_0044_RGB -85936.939990 -3659182.544500 5828.874490 0.201891 -0.239900 0.935757
3322A_2010_320_02_0045_RGB -84399.928450 -3659184.382930 5827.821990 0.514088 -0.024783 0.315677
3322A_2010_320_02_0046_RGB -82863.341890 -3659197.985970 5828.642420 0.015030 -0.299409 0.096532
3322A_2010_320_02_0047_RGB -81328.963040 -3659199.776080 5829.503050 -0.455630 -0.306707 0.665801
3322A_2010_320_02_0048_RGB -79792.809350 -3659179.265240 5827.724230 -0.974091 -0.045394 1.768514
3322A_2010_320_02_0049_RGB -78255.839500 -3659133.168520 5828.023960 -0.586521 -0.145895 2.495739
3322A_2010_320_02_0050_RGB -76719.759270 -3659101.141290 5827.872720 2.113762 -0.136618 0.886299
3322A_2010_320_02_0051_RGB -75184.564880 -3659109.044500 5829.153470 1.069792 -0.254098 0.125419
3322A_2010_320_02_0052_RGB -73647.930350 -3659128.281440 5829.330240 0.252315 -0.343360 -0.087398
3322A_2010_320_02_0053_RGB -72111.885430 -3659138.989270 5827.861320 -0.175421 -0.225841 0.338879
3322A_2010_320_02_0054_RGB -70575.380280 -3659135.476400 5827.728930 -0.953264 -0.121689 1.032983
3322A_2010_320_02_0055_RGB -69039.550060 -3659106.676360 5829.074020 -0.826908 0.020812 1.917142
3322A_2010_320_02_0056_RGB -67504.688060 -3659082.710590 5828.339890 1.259391 -0.102201 0.874346
3322A_2010_320_02_0057_RGB -65967.935380 -3659094.304800 5829.939030 1.422732 -0.368363 -0.312019
3322A_2010_320_02_0058_RGB -64431.547280 -3659134.047470 5826.585050 1.031331 -0.393763 -1.116340
3322A_2010_320_02_0059_RGB -62896.837920 -3659179.833460 5830.042670 -0.273248 -0.309106 -0.811991
3322A_2010_320_02_0060_RGB -61359.508800 -3659199.391900 5828.265930 -1.076072 -0.180498 0.363061
3322A_2010_320_02_0061_RGB -59823.952750 -3659190.499690 5828.293520 -0.870419 -0.269212 1.128284
3322A_2010_320_02_0062_RGB -58284.791640 -3659160.594430 5827.762740 -0.919642 -0.274834 1.972687
3322A_2010_320_02_0063_RGB -56752.796740 -3659116.619830 5825.540970 -0.444614 0.011290 2.292726
3322A_2010_320_02_0064_RGB -55215.992450 -3659088.970580 5829.441500 2.531230 -0.230461 0.548922
3322A_2010_320_02_0065_RGB -53676.721020 -3659122.359290 5826.391720 2.266588 -0.076605 -1.338132
3322A_2010_320_02_0066_RGB -52140.612750 -3659187.591310 5829.066710 0.796634 -0.212612 -1.980341
3322A_2010_320_02_0067_RGB -50603.484430 -3659223.005470 5827.895890 -1.453136 -0.136516 0.006449
3322A_2010_320_02_0068_RGB -49070.772840 -3659220.447780 5827.149200 -1.006572 -0.346794 1.088080
3322A_2010_320_02_0069_RGB -47536.298590 -3659207.465080 5828.458910 0.037576 -0.624391 0.927662
3322A_2010_320_02_0070_RGB -45999.493650 -3659196.271290 5827.346870 -0.238444 -0.354833 1.166119
3322A_2010_320_02_0071_RGB -44463.654070 -3659184.586760 5828.024680 -0.000339 -0.385673 1.139656
3322A_2010_320_02_0072_RGB -42928.617230 -3659173.359530 5826.856630 -0.057876 -0.278367 1.163495
3322A_2010_320_03_0073_RGB -42934.994630 -3663975.437980 5829.287430 1.326175 0.211201 -177.892377
3322A_2010_320_03_0074_RGB -44470.360680 -3664007.615180 5827.153160 -0.829750 0.133625 -178.888734
3322A_2010_320_03_0075_RGB -46006.598110 -3664013.849170 5827.108260 0.342627 0.365883 -179.093834
3322A_2010_320_03_0076_RGB -47542.776520 -3664015.997090 5827.050490 -0.340734 0.218905 -179.534144
3322A_2010_320_03_0077_RGB -49078.036880 -3664022.419510 5827.727470 0.693460 0.043159 -178.596065
3322A_2010_320_03_0078_RGB -50614.140140 -3664040.383740 5828.098860 -0.947528 0.181461 -179.302557
3322A_2010_320_03_0079_RGB -52151.048060 -3664027.388700 5828.050320 -0.648150 0.429495 179.954744
3322A_2010_320_03_0080_RGB -53688.569510 -3664014.549810 5824.888100 0.706348 0.282705 -179.317004
3322A_2010_320_03_0081_RGB -55222.296300 -3664008.740550 5827.589050 -1.284358 0.384627 179.614477
3322A_2010_320_03_0082_RGB -56761.556630 -3663981.268770 5826.972230 0.186398 0.384328 179.715362
3322A_2010_320_03_0083_RGB -58297.772090 -3663959.917110 5826.519650 -0.074238 0.013203 179.693187
3322A_2010_320_03_0084_RGB -59832.032560 -3663932.754920 5828.305780 0.030456 0.061546 179.491883
3322A_2010_320_03_0085_RGB -61368.090350 -3663928.366120 5827.224980 1.012448 0.193484 -179.116141
3322A_2010_320_03_0086_RGB -62902.008240 -3663958.920540 5826.627730 0.509753 0.215394 -178.080743
3322A_2010_320_03_0087_RGB -64437.625060 -3663998.821870 5827.518850 0.111761 0.211807 -177.894453
3322A_2010_320_03_0088_RGB -65973.548370 -3664034.854710 5829.655200 -0.531015 0.148172 -178.259165
3322A_2010_320_03_0089_RGB -67509.365490 -3664034.259990 5827.195960 -1.081386 -0.111228 179.987027
3322A_2010_320_03_0090_RGB -69046.354440 -3664019.389780 5827.407330 -0.391557 -0.012483 179.795797
3322A_2010_320_03_0091_RGB -70582.531070 -3663994.162930 5828.976350 -0.370960 0.128263 179.480593
3322A_2010_320_03_0092_RGB -72117.752410 -3663981.786520 5827.164850 1.157976 0.175520 -179.207083
3322A_2010_320_03_0093_RGB -73653.008640 -3663979.566410 5828.026920 -0.778074 0.371092 179.932218
3322A_2010_320_03_0094_RGB -75189.378570 -3663958.366240 5826.862930 -0.009514 0.410987 179.795373
3322A_2010_320_03_0095_RGB -76726.259770 -3663953.032650 5827.369860 0.122863 0.151664 -179.398284
3322A_2010_320_03_0096_RGB -78262.674200 -3663948.452270 5828.477960 -0.349667 0.131087 -179.718701
3322A_2010_320_03_0097_RGB -79798.103910 -3663940.980100 5829.143110 0.627333 0.139831 -179.348586
3322A_2010_320_03_0098_RGB -81334.764130 -3663957.335690 5827.984080 0.358025 0.106718 -178.658900
3322A_2010_320_03_0099_RGB -82869.367330 -3663972.317140 5826.705620 -1.038135 0.198146 -179.459702
3322A_2010_320_03_0100_RGB -84405.934640 -3663972.616980 5829.545440 0.261449 0.423639 -179.283603
3322A_2010_320_03_0101_RGB -85942.292210 -3663973.316720 5829.698640 -0.875063 0.308297 179.985727
3322A_2010_320_03_0102_RGB -87477.865080 -3663958.944780 5825.643000 0.347414 0.182277 -179.799023
3322A_2010_320_03_0103_RGB -89013.405140 -3663960.334480 5829.130050 -0.152930 0.225210 -179.529900
3322A_2010_320_03_0104_RGB -90548.960240 -3663959.202350 5828.728500 0.334611 0.275592 -179.248014
3322A_2010_320_03_0105_RGB -92084.910790 -3663965.286350 5827.087330 -0.716323 0.021300 -179.687396
3322A_2010_320_03_0106_RGB -93622.196060 -3663956.786030 5829.310100 0.002705 0.155354 -179.683910
3322A_2010_320_03_0107_RGB -95157.837530 -3663958.823110 5829.475190 -0.500242 0.352016 -179.568758
3322A_2010_320_03_0108_RGB -96693.236890 -3663949.382240 5826.315790 -0.262967 0.151364 -179.860093
3322A_2010_320_04_0109_RGB -96688.503080 -3668798.149420 5741.558220 1.570494 0.078360 0.632252
3322A_2010_320_04_0110_RGB -95151.716550 -3668785.190010 5741.326790 -0.360077 -0.008796 1.368035
3322A_2010_320_04_0111_RGB -93616.071780 -3668760.377140 5744.115360 0.609703 -0.161390 1.192013
3322A_2010_320_04_0112_RGB -92081.530150 -3668756.642510 5740.520610 1.159804 0.136408 0.084373
3322A_2010_320_04_0113_RGB -90545.465720 -3668781.622310 5743.219520 0.772201 -0.328740 -0.703179
3322A_2010_320_04_0114_RGB -89008.059690 -3668819.628880 5742.164480 0.519065 -0.342294 -1.025298
3322A_2010_320_04_0115_RGB -87471.612930 -3668860.718430 5742.138570 -0.728718 -0.161760 -0.585412
3322A_2010_320_04_0116_RGB -85936.053100 -3668859.839500 5741.394370 -2.402610 -0.360749 1.600055
3322A_2010_320_04_0117_RGB -84400.854920 -3668800.021760 5743.407320 -1.181301 -0.089329 3.296699
3322A_2010_320_04_0118_RGB -82864.102440 -3668756.256260 5740.913640 2.139450 0.229541 1.126282
3322A_2010_320_04_0119_RGB -81328.559140 -3668773.261020 5743.545040 1.880149 -0.332062 -0.676758
3322A_2010_320_04_0120_RGB -79793.119560 -3668822.774150 5741.494720 1.487318 -0.193109 -1.610765
3322A_2010_320_04_0121_RGB -78256.923580 -3668868.034800 5742.847030 -1.390692 -0.353275 -0.091333
3322A_2010_320_04_0122_RGB -76720.071840 -3668857.182720 5741.112710 -1.754612 -0.215532 1.770759
3322A_2010_320_04_0123_RGB -75184.261470 -3668806.382340 5743.170850 -1.019623 -0.099921 2.741528
3322A_2010_320_04_0124_RGB -73649.139410 -3668769.489560 5741.481910 1.505887 0.062953 1.169240
3322A_2010_320_04_0125_RGB -72113.217960 -3668774.747260 5742.376190 1.473308 -0.349192 -0.065526
3322A_2010_320_04_0126_RGB -70575.923470 -3668818.288130 5742.106300 2.035426 -0.421837 -1.746627
3322A_2010_320_04_0127_RGB -69039.693240 -3668888.681770 5743.435860 -0.206911 -0.141533 -1.735608
3322A_2010_320_04_0128_RGB -67501.246320 -3668890.060300 5741.766290 -3.942088 -0.009396 2.457485
3322A_2010_320_04_0129_RGB -65968.930580 -3668819.442050 5743.194690 -0.554527 -0.242779 3.129411
3322A_2010_320_04_0130_RGB -64432.510270 -3668776.500030 5744.731780 1.866609 -0.376640 1.290997
3322A_2010_320_04_0131_RGB -62891.828610 -3668773.300050 5740.850150 1.245939 -0.243096 0.271270
3322A_2010_320_04_0132_RGB -61356.339770 -3668786.563970 5743.906060 0.524633 -0.368104 0.106524
3322A_2010_320_04_0133_RGB -59823.045210 -3668804.827440 5742.945500 0.401931 -0.223481 -0.118551
3322A_2010_320_04_0134_RGB -58283.096080 -3668818.782700 5741.717790 -0.292754 -0.109813 0.091388
3322A_2010_320_04_0135_RGB -56751.051110 -3668813.912980 5741.025970 -0.872201 -0.264955 0.932462
3322A_2010_320_04_0136_RGB -55212.452920 -3668791.991920 5740.708070 -0.404803 -0.305239 1.499291
3322A_2010_320_04_0137_RGB -53678.078930 -3668765.211150 5742.787250 0.092413 -0.247064 1.471884
3322A_2010_320_04_0138_RGB -52143.017840 -3668758.043130 5741.776910 1.262028 -0.008733 0.446232
3322A_2010_320_04_0139_RGB -50609.149260 -3668778.775320 5743.184750 1.253379 -0.108424 -0.600615
3322A_2010_320_04_0140_RGB -49072.875350 -3668827.184950 5742.135980 1.116733 -0.163103 -1.549295
3322A_2010_320_04_0141_RGB -47538.212880 -3668876.558950 5742.884510 -1.390665 -0.148812 -0.610111
3322A_2010_320_04_0142_RGB -46001.801990 -3668867.773060 5740.861390 -2.153029 -0.215531 1.643578
3322A_2010_320_04_0143_RGB -44464.577970 -3668810.538950 5742.058490 -0.370415 -0.055402 2.837352
3322A_2010_320_04_0144_RGB -42928.026770 -3668785.952350 5744.155480 2.007704 -0.171097 0.562181
3322A_2010_320_05_0145_RGB -42934.647740 -3673727.522540 5727.129960 -0.541344 0.392823 -178.886952
3322A_2010_320_05_0146_RGB -44474.252370 -3673739.740230 5727.133160 -1.131753 0.344328 -179.654043
3322A_2010_320_05_0147_RGB -46009.631690 -3673715.602080 5725.876020 -0.542051 0.244664 179.365848
3322A_2010_320_05_0148_RGB -47545.829530 -3673697.304550 5728.616990 0.779585 0.287032 -179.662630
3322A_2010_320_05_0149_RGB -49077.323320 -3673702.955390 5727.266470 -0.520841 0.328785 -179.499780
3322A_2010_320_05_0150_RGB -50615.305370 -3673692.081310 5725.998230 0.294444 0.262044 -179.739215
3322A_2010_320_05_0151_RGB -52153.412160 -3673708.777840 5727.183390 0.885580 0.404855 -178.432538
3322A_2010_320_05_0152_RGB -53686.805090 -3673715.431060 5726.867550 -1.432950 0.353823 179.880996
3322A_2010_320_05_0153_RGB -55221.236020 -3673696.893600 5725.721480 0.248957 0.292750 -179.848376
3322A_2010_320_05_0154_RGB -56758.425370 -3673697.017660 5728.633270 0.043131 0.239030 -179.445430
3322A_2010_320_05_0155_RGB -58293.963300 -3673680.455060 5727.469990 -0.801294 0.034217 179.484351
3322A_2010_320_05_0156_RGB -59830.425980 -3673648.286580 5727.045090 0.209166 -0.029885 179.419879
3322A_2010_320_05_0157_RGB -61365.838450 -3673637.057970 5729.258270 -0.210072 0.116204 179.985785
3322A_2010_320_05_0158_RGB -62902.489260 -3673619.352140 5727.096070 0.147816 0.192075 179.970736
3322A_2010_320_05_0159_RGB -64436.935760 -3673612.285630 5728.679110 -0.348333 0.389316 -179.932323
3322A_2010_320_05_0160_RGB -65973.832900 -3673608.423920 5725.678680 1.379380 -0.007936 -178.719615
3322A_2010_320_05_0161_RGB -67509.416040 -3673640.867800 5728.903910 -0.359628 -0.034701 -178.577667
3322A_2010_320_05_0162_RGB -69044.447990 -3673667.888630 5729.581540 0.192419 0.271258 -178.272766
3322A_2010_320_05_0163_RGB -70580.855250 -3673685.628600 5725.360540 -0.999417 0.035087 -179.281740
3322A_2010_320_05_0164_RGB -72117.989340 -3673683.122340 5730.061630 0.062281 0.207915 -179.295315
3322A_2010_320_05_0165_RGB -73653.107000 -3673691.464550 5727.995850 -0.243160 0.273533 -179.422521
3322A_2010_320_05_0166_RGB -75189.495560 -3673689.787660 5726.633870 -0.832105 0.059833 179.992248
3322A_2010_320_05_0167_RGB -76724.848880 -3673678.726590 5730.021720 -0.343162 0.013932 -179.917587
3322A_2010_320_05_0168_RGB -78261.608930 -3673645.028210 5727.812940 -0.844602 0.292102 178.889887
3322A_2010_320_05_0169_RGB -79798.419220 -3673618.298750 5727.440770 0.880041 0.387287 -179.840127
3322A_2010_320_05_0170_RGB -81333.357460 -3673623.906530 5729.645360 0.328196 0.479287 -179.082592
3322A_2010_320_05_0171_RGB -82870.369070 -3673634.941970 5726.357210 0.177085 -0.087222 -179.048567
3322A_2010_320_05_0172_RGB -84406.368450 -3673654.247720 5729.126830 -0.470725 0.013441 -178.977933
3322A_2010_320_05_0173_RGB -85941.234500 -3673658.488080 5729.629100 -0.458184 0.330932 -179.332177
3322A_2010_320_05_0174_RGB -87484.978570 -3673670.356940 5725.746830 0.414840 0.109084 -178.840720
3322A_2010_320_05_0175_RGB -89012.794560 -3673688.860270 5729.484940 -0.166145 0.285923 -178.919761
3322A_2010_320_05_0176_RGB -90549.381040 -3673699.268800 5727.207250 -1.164740 0.110123 -179.811917
3322A_2010_320_05_0177_RGB -92088.477340 -3673675.110540 5727.599260 -0.553204 0.243607 179.276842
3322A_2010_320_05_0178_RGB -93624.115140 -3673652.353300 5728.885310 -0.533080 0.444545 179.470693
3322A_2010_320_05_0179_RGB -95159.600800 -3673616.052860 5726.201340 0.030739 0.714571 179.110798
3322A_2010_320_05_0180_RGB -96694.468300 -3673591.123520 5727.016880 -0.006800 0.166866 179.434437
3322A_2010_320_06_0181_RGB -96687.706750 -3678475.560310 5784.689790 3.240294 0.120271 1.962559
3322A_2010_320_06_0182_RGB -95151.549020 -3678456.719470 5785.718860 1.324583 -0.287867 0.909764
3322A_2010_320_06_0183_RGB -93615.033870 -3678453.612790 5789.433420 0.373206 -0.223153 0.484568
3322A_2010_320_06_0184_RGB -92080.749530 -3678455.457940 5791.578400 -0.378982 -0.342139 0.512893
3322A_2010_320_06_0185_RGB -90544.463400 -3678447.763380 5790.673040 -0.533942 -0.094674 0.777966
3322A_2010_320_06_0186_RGB -89007.616270 -3678455.083030 5793.099490 0.953914 -0.293529 -0.309154
3322A_2010_320_06_0187_RGB -87471.279700 -3678494.902980 5790.397160 1.064774 0.024795 -1.184373
3322A_2010_320_06_0188_RGB -85936.417260 -3678540.155830 5791.515470 -0.884485 -0.167608 -0.537263
3322A_2010_320_06_0189_RGB -84400.314100 -3678549.124760 5790.998730 -2.137187 -0.205189 1.218997
3322A_2010_320_06_0190_RGB -82863.483220 -3678487.266720 5791.138770 -1.798404 -0.279480 3.816375
3322A_2010_320_06_0191_RGB -81327.727750 -3678430.606320 5791.886420 1.571541 0.017364 1.753388
3322A_2010_320_06_0192_RGB -79792.296440 -3678421.849790 5792.193930 1.692879 -0.092554 0.162524
3322A_2010_320_06_0193_RGB -78253.260830 -3678453.043510 5788.939290 1.947324 -0.075144 -1.200223
3322A_2010_320_06_0194_RGB -76719.511610 -3678518.820250 5792.378400 0.741920 -0.493301 -1.938255
3322A_2010_320_06_0195_RGB -75180.138490 -3678560.502030 5791.285930 -1.414052 -0.238882 -0.182281
3322A_2010_320_06_0196_RGB -73648.199190 -3678552.418310 5792.359990 -2.232608 -0.161152 1.760624
3322A_2010_320_06_0197_RGB -72111.565950 -3678501.941880 5790.828220 -1.221003 -0.178523 2.842790
3322A_2010_320_06_0198_RGB -70572.638400 -3678452.008230 5790.248320 1.152008 -0.175038 1.831324
3322A_2010_320_06_0199_RGB -69036.255960 -3678444.429260 5790.346600 1.883522 -0.113678 0.285492
3322A_2010_320_06_0200_RGB -67499.504870 -3678474.205670 5791.317940 1.374789 -0.261794 -0.957847
3322A_2010_320_06_0201_RGB -65964.079580 -3678512.853900 5791.815590 -0.150475 -0.235610 -0.711764
3322A_2010_320_06_0202_RGB -64430.185180 -3678520.361400 5788.599210 -1.703496 -0.167194 0.964639
3322A_2010_320_06_0203_RGB -62891.416320 -3678477.900410 5791.204940 -1.125872 -0.487742 2.504222
3322A_2010_320_06_0204_RGB -61359.323550 -3678442.979050 5789.969750 1.069481 -0.263849 1.225240
3322A_2010_320_06_0205_RGB -59824.183910 -3678439.591280 5790.587600 1.171148 -0.262243 0.192708
3322A_2010_320_06_0206_RGB -58287.079960 -3678457.960580 5790.264830 0.460353 -0.155108 -0.125834
3322A_2010_320_06_0207_RGB -56751.386960 -3678467.959260 5788.129830 -0.185827 -0.134868 0.393154
3322A_2010_320_06_0208_RGB -55216.737390 -3678461.294330 5789.456800 -0.688732 -0.516199 1.115362
3322A_2010_320_06_0209_RGB -53680.107130 -3678443.037530 5790.732940 0.161139 -0.417883 1.132522
3322A_2010_320_06_0210_RGB -52142.993240 -3678445.959130 5788.724250 1.593613 0.118660 -0.410512
3322A_2010_320_06_0211_RGB -50608.282470 -3678485.112490 5791.535180 1.176738 -0.360346 -1.334442
3322A_2010_320_06_0212_RGB -49072.234590 -3678537.672990 5787.921550 -0.114493 -0.220941 -1.199706
3322A_2010_320_06_0213_RGB -47534.787280 -3678564.177000 5790.685220 -1.418489 -0.137996 0.224545
3322A_2010_320_06_0214_RGB -45999.483670 -3678552.159250 5790.130680 -1.015930 -0.098323 1.286292
3322A_2010_320_06_0215_RGB -44463.926380 -3678517.893870 5788.482540 -0.575987 0.045599 2.034936
3322A_2010_320_06_0216_RGB -42926.954800 -3678483.311920 5789.298540 0.337135 -0.119720 1.650615
3322A_2010_320_07_0217_RGB -42938.466630 -3683330.114250 5885.789870 4.643060 0.025867 178.908465
3322A_2010_320_07_0218_RGB -44471.446030 -3683339.113120 5889.086890 1.917531 0.524975 -178.761587
3322A_2010_320_07_0219_RGB -46009.452860 -3683390.984500 5890.273470 1.339123 0.502394 -177.186773
3322A_2010_320_07_0220_RGB -47542.936260 -3683426.285160 5889.629640 -1.074556 0.089258 -178.720960
3322A_2010_320_07_0221_RGB -49077.900300 -3683392.221560 5890.222120 -1.892422 0.173086 178.573480
3322A_2010_320_07_0222_RGB -50616.310350 -3683355.405470 5890.188900 0.853595 0.113826 179.914862
3322A_2010_320_07_0223_RGB -52149.590090 -3683350.791940 5888.892850 0.232820 0.190829 -179.473967
3322A_2010_320_07_0224_RGB -53685.800890 -3683359.449680 5890.770590 0.529963 0.344939 -178.952943
3322A_2010_320_07_0225_RGB -55220.933460 -3683371.209880 5888.861120 -1.034968 0.389942 -179.687514
3322A_2010_320_07_0226_RGB -56758.158760 -3683342.428900 5888.654400 -0.641798 0.278836 179.411672
3322A_2010_320_07_0227_RGB -58293.916980 -3683312.337440 5889.732270 -0.103351 0.306748 179.341657
3322A_2010_320_07_0228_RGB -59830.284300 -3683287.239670 5889.345930 0.488915 0.182644 179.913370
3322A_2010_320_07_0229_RGB -61365.812890 -3683278.292940 5890.715320 0.191836 0.226070 -179.757435
3322A_2010_320_07_0230_RGB -62900.939240 -3683295.646900 5889.149160 1.467423 0.093990 -178.028304
3322A_2010_320_07_0231_RGB -64437.130340 -3683337.497740 5890.456080 -0.932119 0.005257 -178.437402
3322A_2010_320_07_0232_RGB -65974.045570 -3683348.783460 5891.361140 -0.327527 0.203446 -179.016217
3322A_2010_320_07_0233_RGB -67510.268600 -3683360.237800 5891.182120 0.387143 0.366248 -178.779754
3322A_2010_320_07_0234_RGB -69045.547650 -3683381.443690 5889.365250 -0.712441 0.403893 -179.142106
3322A_2010_320_07_0235_RGB -70581.945740 -3683374.948330 5889.507080 -0.855812 -0.080468 179.864397
3322A_2010_320_07_0236_RGB -72116.968140 -3683346.460500 5891.141930 -0.367648 0.028871 179.231039
3322A_2010_320_07_0237_RGB -73653.395770 -3683316.986150 5889.484410 0.404216 -0.054968 179.567332
3322A_2010_320_07_0238_RGB -75190.531650 -3683316.019900 5890.933790 0.127373 -0.043344 -179.330590
3322A_2010_320_07_0239_RGB -76725.474220 -3683289.822290 5890.428920 -1.031775 0.465042 178.865994
3322A_2010_320_07_0240_RGB -78260.926190 -3683276.408360 5889.148860 1.357024 0.126065 -179.023223
3322A_2010_320_07_0241_RGB -79798.358990 -3683288.704960 5891.329490 -0.060714 0.128751 -179.101574
3322A_2010_320_07_0242_RGB -81332.856500 -3683305.554590 5890.545500 -0.241828 0.007298 -178.844371
3322A_2010_320_07_0243_RGB -82869.282610 -3683309.509170 5891.398570 -0.487172 0.221196 -179.629626
3322A_2010_320_07_0244_RGB -84409.812520 -3683305.321040 5889.827260 -0.242906 0.387920 -179.600943
3322A_2010_320_07_0245_RGB -85941.148270 -3683302.864950 5889.716480 -0.227407 0.280799 -179.639824
3322A_2010_320_07_0246_RGB -87481.816560 -3683297.123480 5890.004940 -0.725140 0.249228 179.990699
3322A_2010_320_07_0247_RGB -89016.247810 -3683282.793770 5891.473850 0.363862 0.305606 -179.708088
3322A_2010_320_07_0248_RGB -90553.520010 -3683293.186210 5890.944480 0.753764 0.142160 -178.665642
3322A_2010_320_07_0249_RGB -92089.526580 -3683326.806240 5889.546700 0.032774 0.156242 -178.180415
3322A_2010_320_07_0250_RGB -93623.209610 -3683349.946380 5890.618370 -0.226980 0.142495 -178.706242
3322A_2010_320_07_0251_RGB -95158.203990 -3683365.345320 5891.305270 -0.244085 0.207858 -179.047664
3322A_2010_320_07_0252_RGB -96694.393920 -3683376.213440 5890.459380 -0.347388 0.154903 -179.242145
3322A_2010_320_08_0253_RGB -42935.595880 -3688153.313460 6237.170910 -0.439241 0.250143 -179.859560
3322A_2010_320_08_0254_RGB -44468.968490 -3688141.627900 6236.381170 -0.513830 -0.038681 -179.966116
3322A_2010_320_08_0255_RGB -46008.149950 -3688118.979840 6237.986260 0.067603 -0.009457 -179.964339
3322A_2010_320_08_0256_RGB -47544.439780 -3688111.478910 6235.843630 1.337315 0.046365 -178.679775
3322A_2010_320_08_0257_RGB -49079.663200 -3688146.452300 6236.467590 0.621961 0.190034 -177.534921
3322A_2010_320_08_0258_RGB -50616.958710 -3688202.259190 6236.867590 0.495026 0.195177 -176.873174
3322A_2010_320_08_0259_RGB -52150.201070 -3688241.404520 6237.262860 -1.918604 0.016376 -178.917613
3322A_2010_320_08_0260_RGB -53688.248870 -3688210.860780 6238.753530 -0.941361 0.257489 179.266296
3322A_2010_320_08_0261_RGB -55222.940530 -3688185.073690 6237.280350 0.431147 0.252831 -179.928765
3322A_2010_320_08_0262_RGB -56757.875980 -3688171.910760 6238.024910 -0.411502 0.217362 -179.922063
3322A_2010_320_08_0263_RGB -58293.588500 -3688149.798290 6240.380840 0.285619 0.115459 -179.861987
3322A_2010_320_08_0264_RGB -59828.817060 -3688121.007190 6236.972020 -0.906476 -0.092602 179.268148
3322A_2010_320_08_0265_RGB -61365.254100 -3688085.497370 6237.719350 0.698798 0.135947 -179.901922
3322A_2010_320_08_0266_RGB -62900.477530 -3688081.579580 6237.516160 0.911771 0.202232 -178.967495
3322A_2010_320_08_0267_RGB -64437.155330 -3688103.661500 6239.215680 0.517905 0.220685 -178.015912
3322A_2010_320_08_0268_RGB -65972.743480 -3688143.762630 6237.145220 -0.457967 0.125394 -177.981751
3322A_2010_320_08_0269_RGB -66740.720520 -3688153.473770 6238.439280 -0.832496 0.348638 -178.603315
3322A_2010_320_08_0270_RGB -67509.824460 -3688157.086950 6238.750590 -0.868670 0.401834 -178.967801
3322A_2010_320_08_0271_RGB -69044.790780 -3688152.093800 6238.274270 -0.027209 0.225144 -179.246208
3322A_2010_320_08_0272_RGB -70580.937380 -3688149.971680 6238.993490 -0.559323 -0.027101 -179.655271
3322A_2010_320_08_0273_RGB -72118.136560 -3688141.656920 6238.866900 0.406137 0.084970 -179.059615
3322A_2010_320_08_0274_RGB -73653.120680 -3688158.769910 6238.169360 0.239327 0.366392 -178.387365
3322A_2010_320_08_0275_RGB -75188.443820 -3688184.281440 6237.351470 0.344863 0.316863 -178.028147
3322A_2010_320_08_0276_RGB -76724.139840 -3688226.710020 6237.436490 0.276813 0.252304 -177.409771
3322A_2010_320_08_0277_RGB -78260.796200 -3688259.784240 6236.579170 -1.720088 0.197863 -178.915311
3322A_2010_320_08_0278_RGB -79796.041840 -3688225.998590 6237.062980 -1.630541 0.264380 178.928062
3322A_2010_320_08_0279_RGB -81332.806360 -3688159.099490 6236.470920 -0.570729 0.349281 178.051123
3322A_2010_320_08_0280_RGB -82869.144790 -3688110.176750 6236.997170 1.957644 0.448172 -179.662682
3322A_2010_320_08_0281_RGB -84405.130830 -3688116.163740 6236.465640 0.285107 0.499862 -178.983704
3322A_2010_320_08_0282_RGB -85941.188920 -3688113.580810 6238.011340 0.078690 0.552339 -179.225527
3322A_2010_320_08_0283_RGB -87477.143960 -3688113.150640 6237.108580 -0.302854 0.332552 -179.359903
3322A_2010_320_08_0284_RGB -89016.670240 -3688133.971000 6237.117680 0.858919 0.398656 -177.689286
3322A_2010_320_08_0285_RGB -90548.887750 -3688180.873730 6236.893620 0.481444 0.302266 -177.128650
3322A_2010_320_08_0286_RGB -92087.478660 -3688247.840900 6237.281140 -0.061663 0.339311 -176.649116
3322A_2010_320_08_0287_RGB -93622.536020 -3688264.555240 6236.040760 -2.549067 0.156992 179.900166
3322A_2010_320_08_0288_RGB -95160.383800 -3688223.263400 6236.528800 -0.902461 -0.056372 179.088910
3322A_2010_320_08_0289_RGB -96694.904000 -3688175.197140 6236.604890 -0.336076 0.194547 178.868041
3322A_2010_320_09_0290_RGB -96685.702110 -3692811.756480 6253.948280 1.041093 -0.034177 -0.076949
3322A_2010_320_09_0291_RGB -95149.790740 -3692830.208750 6254.349570 -0.994215 0.264859 -0.065024
3322A_2010_320_09_0292_RGB -93612.875660 -3692823.908820 6253.642480 -1.514040 0.184592 0.911184
3322A_2010_320_09_0293_RGB -92077.942490 -3692811.432850 6252.241830 -0.181627 0.179679 0.651031
3322A_2010_320_09_0294_RGB -90541.406350 -3692800.690720 6252.944420 0.087998 0.094967 0.681630
3322A_2010_320_09_0295_RGB -89005.067460 -3692805.146320 6252.651390 0.724814 0.234602 -0.009490
3322A_2010_320_09_0296_RGB -87470.903540 -3692822.834860 6253.090970 0.635333 0.000474 -0.258431
3322A_2010_320_09_0297_RGB -85934.254860 -3692846.572970 6252.291700 0.057469 0.046466 -0.364820
3322A_2010_320_09_0298_RGB -84397.133130 -3692863.394240 6252.864680 -0.224433 -0.034196 -0.083275
3322A_2010_320_09_0299_RGB -82860.941540 -3692864.790370 6252.622320 -1.078995 0.066052 0.884069
3322A_2010_320_09_0300_RGB -81326.844160 -3692837.714560 6253.349970 -0.974198 -0.090765 1.794994
3322A_2010_320_09_0301_RGB -79790.607800 -3692802.102480 6252.365810 0.266829 -0.144411 1.720510
3322A_2010_320_09_0302_RGB -78249.167350 -3692791.283770 6252.742760 1.766440 -0.329832 0.392219
3322A_2010_320_09_0303_RGB -76717.923710 -3692798.697890 6252.724640 0.187617 -0.203356 0.473738
3322A_2010_320_09_0304_RGB -75178.991040 -3692804.194220 6253.552510 0.124790 -0.062020 0.411897
3322A_2010_320_09_0305_RGB -73640.266590 -3692796.725520 6253.187870 -1.210133 0.165091 1.212756
3322A_2010_320_09_0306_RGB -72105.711450 -3692761.360440 6253.408470 0.314136 -0.038509 1.477064
3322A_2010_320_09_0307_RGB -70570.356370 -3692742.400420 6252.181140 0.568453 -0.174533 0.899399
3322A_2010_320_09_0308_RGB -69033.139800 -3692742.065380 6252.404820 0.977087 -0.376402 0.103121
3322A_2010_320_09_0309_RGB -67499.286510 -3692766.568220 6252.071720 1.395176 -0.230475 -0.998484
3322A_2010_320_09_0310_RGB -65965.443180 -3692806.359510 6253.441480 0.093746 -0.188089 -0.879371
3322A_2010_320_09_0311_RGB -64428.973120 -3692827.203440 6251.914520 -1.032670 -0.061452 0.078694
3322A_2010_320_09_0312_RGB -62892.173180 -3692816.234880 6251.126980 -1.640379 -0.153604 1.494232
3322A_2010_320_09_0313_RGB -62126.396760 -3692797.009150 6250.683680 -1.751806 -0.160035 2.170669
3322A_2010_320_09_0314_RGB -61357.586520 -3692770.094700 6250.462250 -1.600673 -0.233317 2.637768
3322A_2010_320_09_0315_RGB -60590.216120 -3692744.373060 6251.627790 0.398792 -0.276530 2.163827
3322A_2010_320_09_0316_RGB -59821.731990 -3692726.410990 6252.523370 0.708600 -0.326460 1.780851
3322A_2010_320_09_0317_RGB -58286.000940 -3692709.687340 6252.121970 1.551374 -0.300900 0.602039
3322A_2010_320_09_0318_RGB -56750.957770 -3692726.652070 6251.185200 1.544899 -0.247005 -0.521980
3322A_2010_320_09_0319_RGB -55214.984380 -3692759.394150 6251.045930 0.611069 -0.408893 -0.893866
3322A_2010_320_09_0320_RGB -53677.829650 -3692783.532100 6249.294590 -0.378947 -0.206506 -0.234384
3322A_2010_320_09_0321_RGB -52142.123820 -3692784.574400 6250.298890 -1.072437 -0.160382 0.725922
3322A_2010_320_09_0322_RGB -50607.204600 -3692764.612440 6250.105760 -0.528483 -0.103903 1.307454
3322A_2010_320_09_0323_RGB -49072.102540 -3692744.958200 6248.754570 0.226451 -0.108012 1.133627
3322A_2010_320_09_0324_RGB -47533.490230 -3692736.695760 6249.418860 0.649997 -0.240548 0.590935
3322A_2010_320_09_0325_RGB -45998.413610 -3692744.150880 6249.329020 1.115754 -0.321630 -0.122475
3322A_2010_320_09_0326_RGB -44462.514080 -3692775.458770 6250.045370 1.303580 -0.366535 -1.102971
3322A_2010_320_09_0327_RGB -42926.768440 -3692824.486580 6248.927850 0.683225 -0.232508 -1.635758
3322A_2010_320_10_0328_RGB -42905.938840 -3697555.460480 6004.686470 0.361074 0.108559 -179.673776
3322A_2010_320_10_0329_RGB -44442.593300 -3697558.711830 6004.721990 0.383816 0.120899 -179.013353
3322A_2010_320_10_0330_RGB -45980.150360 -3697582.840560 6005.061950 0.107191 0.438996 -178.220824
3322A_2010_320_10_0331_RGB -46749.283920 -3697592.561800 6001.905580 -0.717058 0.201347 -178.738039
3322A_2010_320_10_0332_RGB -47513.062650 -3697598.250100 6001.811320 -0.593170 0.391965 -178.953667
3322A_2010_320_10_0333_RGB -48283.992590 -3697600.581050 6004.757560 -0.608978 0.607742 -179.216249
3322A_2010_320_10_0334_RGB -49053.210210 -3697601.431320 6003.432210 -0.207578 0.537768 -179.160287
3322A_2010_320_10_0335_RGB -49820.973800 -3697603.808510 6003.187740 -0.085996 0.494735 -179.147988
3322A_2010_320_10_0336_RGB -50587.819790 -3697605.573950 6002.964500 -0.302886 0.398401 -179.398191
3322A_2010_320_10_0337_RGB -51353.439430 -3697603.821740 6003.634220 -0.283485 0.228957 -179.551592
3322A_2010_320_10_0338_RGB -52125.085570 -3697601.563910 6004.820150 -0.430805 0.096418 -179.663926
3322A_2010_320_10_0339_RGB -53659.360430 -3697581.973000 6004.734740 -0.336343 -0.039101 179.721770
3322A_2010_320_10_0340_RGB -55192.987520 -3697564.987790 6003.871410 -0.049843 -0.218345 -179.950230
3322A_2010_320_10_0341_RGB -56728.756260 -3697540.697250 6006.394540 0.502898 -0.020828 -179.918518
3322A_2010_320_10_0342_RGB -58267.792040 -3697536.184440 6005.642030 0.080163 0.166143 -179.455264
3322A_2010_320_10_0343_RGB -59801.009750 -3697529.933980 6005.030670 -0.260503 0.226559 -179.770728
3322A_2010_320_10_0344_RGB -61337.549600 -3697525.835870 6006.713050 0.293872 0.335377 -179.311992
3322A_2010_320_10_0345_RGB -62874.515800 -3697536.690130 6004.443840 0.219125 0.129238 -178.793902
3322A_2010_320_10_0346_RGB -64409.597440 -3697553.177950 6005.895870 0.033490 0.042132 -178.606874
3322A_2010_320_10_0347_RGB -65944.741730 -3697563.075980 6006.036240 -1.130943 0.191149 -179.656727
3322A_2010_320_10_0348_RGB -67481.607110 -3697538.225350 6003.208420 -0.196044 0.199204 179.661140
3322A_2010_320_10_0349_RGB -69017.902830 -3697510.226050 6005.434800 -0.816404 0.245085 179.271394
3322A_2010_320_10_0350_RGB -70554.547200 -3697483.240350 6006.168320 0.706315 0.290045 -179.796723
3322A_2010_320_10_0351_RGB -72089.267560 -3697482.962940 6003.199050 0.234046 0.070298 -179.244262
3322A_2010_320_10_0352_RGB -73624.774200 -3697482.103970 6005.684920 -0.217321 0.252064 -179.356049
3322A_2010_320_10_0353_RGB -75161.121390 -3697476.715640 6005.567510 0.199911 0.169790 -179.402077
3322A_2010_320_10_0354_RGB -76698.222030 -3697478.623470 6004.436740 -0.008470 0.167886 -179.156181
3322A_2010_320_10_0355_RGB -78233.381740 -3697496.111770 6004.249840 0.686453 0.423337 -178.310717
3322A_2010_320_10_0356_RGB -79769.965150 -3697534.860730 6003.003180 0.254569 0.642113 -177.756695
3322A_2010_320_10_0357_RGB -81305.350260 -3697569.090920 6003.677080 -0.760286 0.297661 -178.453391
3322A_2010_320_10_0358_RGB -82841.013460 -3697584.861350 6005.016200 -0.716132 0.017784 -179.079181
3322A_2010_320_10_0359_RGB -84377.968880 -3697571.977850 6005.294210 -1.166297 0.067514 179.572247
3322A_2010_320_10_0360_RGB -85913.257840 -3697552.014560 6004.119930 0.269478 0.416130 -179.839141
3322A_2010_320_10_0361_RGB -87450.333640 -3697558.338070 6002.503220 0.475635 0.271496 -178.847292
3322A_2010_320_10_0362_RGB -88985.410360 -3697569.286120 6004.870260 -0.245602 0.331052 -179.083111
3322A_2010_320_10_0363_RGB -90520.804150 -3697574.522450 6003.682040 -0.000645 0.186544 -179.152769
3322A_2010_320_10_0364_RGB -92057.513420 -3697580.922260 6004.293320 0.033718 0.211435 -179.072359
3322A_2010_320_10_0365_RGB -93596.676490 -3697595.946540 6004.305550 0.081832 0.258547 -178.759678
3322A_2010_320_10_0366_RGB -95131.997180 -3697614.637100 6003.913950 -0.088609 0.226559 -178.753685
3322A_2010_320_10_0367_RGB -96668.731040 -3697639.358800 6004.232200 0.177836 0.152479 -178.306318
3322A_2010_320_11_0368_RGB -96683.303920 -3702222.008110 5779.914980 0.393547 -0.333192 0.054582
3322A_2010_320_11_0369_RGB -95149.312340 -3702225.468350 5779.103020 -0.597215 -0.225703 0.371803
3322A_2010_320_11_0370_RGB -93613.562580 -3702216.201580 5779.555290 0.195180 -0.259662 0.641934
3322A_2010_320_11_0371_RGB -92077.144680 -3702216.820690 5779.267540 0.228598 -0.018858 0.231245
3322A_2010_320_11_0372_RGB -90541.447800 -3702229.512440 5779.372330 0.163834 0.033323 -0.135879
3322A_2010_320_11_0373_RGB -89006.370850 -3702236.108710 5778.549320 -0.117231 -0.091435 0.216969
3322A_2010_320_11_0374_RGB -87470.629630 -3702235.165310 5779.594710 -0.195539 -0.224215 0.443986
3322A_2010_320_11_0375_RGB -85934.710330 -3702226.428100 5778.946520 -0.241576 -0.139964 0.825422
3322A_2010_320_11_0376_RGB -84397.986710 -3702207.209200 5778.105080 -0.540623 -0.141565 1.441801
3322A_2010_320_11_0377_RGB -82862.328810 -3702177.373760 5777.874010 0.239342 -0.182890 1.382948
3322A_2010_320_11_0378_RGB -81325.156760 -3702167.452580 5779.003790 1.266466 -0.224339 0.369491
3322A_2010_320_11_0379_RGB -79789.426040 -3702178.768800 5778.505810 1.067984 -0.107162 -0.343780
3322A_2010_320_11_0380_RGB -78254.253080 -3702195.793370 5778.829070 -0.484636 -0.314150 0.075702
3322A_2010_320_11_0381_RGB -76718.663580 -3702189.298570 5778.580540 -0.628307 -0.382165 0.789589
3322A_2010_320_11_0382_RGB -75181.668820 -3702169.419790 5779.371660 -0.485929 -0.252864 1.279223
3322A_2010_320_11_0383_RGB -73645.399790 -3702145.292050 5778.999140 0.368142 0.051981 1.191598
3322A_2010_320_11_0384_RGB -72110.768240 -3702143.680730 5778.973350 1.130827 -0.058323 0.149020
3322A_2010_320_11_0385_RGB -70575.331260 -3702153.038790 5778.957440 -0.264065 -0.247566 0.336132
3322A_2010_320_11_0386_RGB -69039.076930 -3702141.202610 5779.479280 -0.718793 -0.350562 1.096592
3322A_2010_320_11_0387_RGB -67502.101880 -3702116.224980 5779.992680 0.533781 -0.365696 1.078317
3322A_2010_320_11_0388_RGB -65966.312590 -3702101.496050 5780.348630 0.437397 -0.324551 0.863511
3322A_2010_320_11_0389_RGB -64427.376480 -3702099.299520 5779.050780 0.946104 -0.174789 0.245619
3322A_2010_320_11_0390_RGB -62895.458440 -3702115.628580 5779.779620 0.295779 -0.098371 -0.193651
3322A_2010_320_11_0391_RGB -61356.921700 -3702121.472560 5779.054210 -0.345017 -0.032474 0.429594
3322A_2010_320_11_0392_RGB -59818.263990 -3702118.774120 5778.535610 -0.406053 -0.118061 0.648185
3322A_2010_320_11_0393_RGB -58282.237670 -3702110.711510 5778.389620 0.119271 -0.205483 0.676322
3322A_2010_320_11_0394_RGB -56746.561360 -3702111.694900 5778.549520 0.799838 -0.202970 -0.004538
3322A_2010_320_11_0395_RGB -55209.331200 -3702133.513190 5779.149230 1.229175 -0.321886 -0.910931
3322A_2010_320_11_0396_RGB -53673.268120 -3702178.204470 5778.381830 0.384481 -0.301817 -1.238488
3322A_2010_320_11_0397_RGB -52140.838700 -3702206.981160 5779.145220 -1.042358 -0.283523 -0.307583
3322A_2010_320_11_0398_RGB -50602.638930 -3702196.603910 5778.410630 -2.014859 -0.044624 1.619867
3322A_2010_320_11_0399_RGB -49068.831810 -3702157.859920 5779.118920 -0.604112 -0.015978 1.876104
3322A_2010_320_11_0400_RGB -47534.089490 -3702120.727740 5778.184880 0.098493 0.013097 1.730492
3322A_2010_320_11_0401_RGB -45997.537440 -3702096.363210 5777.512810 0.440536 -0.074340 1.174448
3322A_2010_320_11_0402_RGB -44459.706600 -3702081.278620 5776.745970 0.498213 -0.186669 0.834636
3322A_2010_320_11_0403_RGB -42926.097680 -3702072.261000 5776.907410 0.601830 -0.425758 0.675461
3322A_2010_320_12_0404_RGB -42935.984920 -3707083.351750 5719.378140 0.420746 0.404758 -178.818018
3322A_2010_320_12_0405_RGB -44472.381270 -3707098.606470 5721.329350 -0.269320 0.158068 -178.815879
3322A_2010_320_12_0406_RGB -46005.874730 -3707100.389550 5721.091010 -0.814178 0.025786 -179.531894
3322A_2010_320_12_0407_RGB -47541.490080 -3707081.622540 5722.048350 -0.465425 0.268388 179.937904
3322A_2010_320_12_0408_RGB -49077.178060 -3707057.671690 5720.248830 -0.362108 0.180111 179.697977
3322A_2010_320_12_0409_RGB -50612.265970 -3707026.983340 5721.699070 0.226727 0.122746 179.708766
3322A_2010_320_12_0410_RGB -52148.622420 -3707010.612070 5721.096850 0.438988 0.138448 -179.680515
3322A_2010_320_12_0411_RGB -53684.683460 -3706995.992200 5720.430120 -0.719688 0.249778 179.725020
3322A_2010_320_12_0412_RGB -55219.536840 -3706967.688130 5721.286340 0.200410 0.398691 179.815700
3322A_2010_320_12_0413_RGB -56756.474390 -3706965.769970 5721.950950 0.598126 0.338055 -179.199496
3322A_2010_320_12_0414_RGB -58294.795290 -3706975.793110 5721.483680 -0.292505 0.273355 -179.001868
3322A_2010_320_12_0415_RGB -59831.775730 -3706987.746810 5720.939220 0.730796 0.250789 -178.368107
3322A_2010_320_12_0416_RGB -61368.022770 -3707012.725240 5721.160560 -0.781108 0.276006 -178.846085
3322A_2010_320_12_0417_RGB -62903.416940 -3707027.445510 5720.774840 0.008200 0.184125 -178.538041
3322A_2010_320_12_0418_RGB -64440.698970 -3707041.674620 5720.454620 -0.187688 0.062113 -178.916079
3322A_2010_320_12_0419_RGB -65973.044880 -3707052.376020 5721.362780 -0.364570 -0.005879 -178.987449
3322A_2010_320_12_0420_RGB -67510.211520 -3707054.375850 5722.186970 0.206187 0.066493 -179.013715
3322A_2010_320_12_0421_RGB -69044.713460 -3707059.034880 5722.117070 -0.451486 0.194106 -179.409934
3322A_2010_320_12_0422_RGB -70581.964150 -3707053.744550 5721.226640 -0.093176 0.175732 -179.561968
3322A_2010_320_12_0423_RGB -72116.467050 -3707054.460580 5721.995450 -0.080451 0.148596 -179.444646
3322A_2010_320_12_0424_RGB -73654.586850 -3707046.529800 5720.730480 -0.497975 -0.055142 -179.885152
3322A_2010_320_12_0425_RGB -75188.216680 -3707039.181850 5722.112820 -0.182044 0.134838 -179.608419
3322A_2010_320_12_0426_RGB -76723.306080 -3707036.185810 5720.947250 0.196655 0.343665 -179.302914
3322A_2010_320_12_0427_RGB -78260.075180 -3707037.614530 5720.714860 -0.075680 0.467364 -179.332745
3322A_2010_320_12_0428_RGB -79796.144940 -3707041.592500 5719.097730 0.094753 0.334434 -179.189749
3322A_2010_320_12_0429_RGB -81331.717300 -3707038.282630 5722.077980 -0.038469 0.311093 -179.562891
3322A_2010_320_12_0430_RGB -82867.152630 -3707045.091590 5720.619150 -0.121508 0.245528 -179.028871
3322A_2010_320_12_0431_RGB -84403.433070 -3707050.512240 5721.211000 0.047766 0.341489 -178.921741
3322A_2010_320_12_0432_RGB -85939.171140 -3707060.733140 5720.873380 -0.230914 0.481324 -178.907424
3322A_2010_320_12_0433_RGB -87474.792530 -3707061.742460 5720.557880 0.187655 0.485728 -179.178011
3322A_2010_320_12_0434_RGB -89010.476770 -3707074.737400 5721.303060 -0.036969 0.286400 -178.803979
3322A_2010_320_12_0435_RGB -90547.733500 -3707078.409510 5722.715480 -0.104703 0.186488 -179.257009
3322A_2010_320_12_0436_RGB -92083.737200 -3707083.876660 5720.995250 -0.105402 0.116702 -179.218199
3322A_2010_320_12_0437_RGB -93618.903480 -3707088.084990 5721.406870 -0.055819 0.082458 -179.218168
3322A_2010_320_12_0438_RGB -95155.372070 -3707100.046220 5721.910690 0.221043 0.043570 -178.790615
3322A_2010_320_12_0439_RGB -96690.255950 -3707116.104690 5721.644070 -0.087902 0.037263 -178.751673
3322A_2010_320_13_0440_RGB -92825.665810 -3711873.047110 5824.600470 1.011368 -3.203271 91.529224
3322A_2010_320_13_0441_RGB -92849.400250 -3710337.903550 5821.040300 0.497249 -1.956922 90.904048
3322A_2010_320_13_0442_RGB -92863.254070 -3708804.310360 5822.572720 0.839971 -2.115173 90.746198
3322A_2010_320_13_0443_RGB -92868.018890 -3707270.144260 5821.519500 0.380574 -1.349979 90.795899
3322A_2010_320_13_0444_RGB -92882.241570 -3705732.256500 5821.385530 0.307630 0.225155 91.072129
3322A_2010_320_13_0445_RGB -92892.830710 -3704198.092600 5821.763170 0.441541 0.482333 90.623122
3322A_2010_320_13_0446_RGB -92891.197070 -3702663.476290 5822.119130 0.448201 0.361660 90.084094
3322A_2010_320_13_0447_RGB -92898.894960 -3701126.669300 5822.182330 0.304120 -0.590389 90.943330
3322A_2010_320_13_0448_RGB -92916.089260 -3699589.128320 5822.630520 0.159412 0.192463 91.085493
3322A_2010_320_13_0449_RGB -92921.697330 -3698055.403860 5823.518990 0.145335 0.763122 90.408818
3322A_2010_320_13_0450_RGB -92925.748400 -3696520.005250 5821.507020 0.258118 -1.157003 91.162159
3322A_2010_320_13_0451_RGB -92958.981250 -3694983.025470 5822.475910 0.285588 -0.102224 91.729023
3322A_2010_320_13_0452_RGB -92981.828070 -3693447.027420 5822.967130 0.321305 0.830980 90.999717
3322A_2010_320_13_0453_RGB -92988.736050 -3692680.484790 5822.762660 0.330919 0.322434 90.965832
3322A_2010_320_13_0454_RGB -92997.449730 -3691912.557720 5822.395380 0.407582 -0.074470 91.121429
3322A_2010_320_13_0455_RGB -93007.453840 -3691144.255420 5822.612260 0.385432 -0.013909 91.189936
3322A_2010_320_13_0456_RGB -93016.043670 -3690375.642130 5823.408700 0.447690 0.357991 90.994037
3322A_2010_320_13_0457_RGB -93022.917210 -3689607.291830 5823.720280 0.342388 0.280849 90.883268
3322A_2010_320_13_0458_RGB -93030.636640 -3688840.041860 5822.342460 0.159575 0.259433 90.922880
3322A_2010_320_13_0459_RGB -93038.367290 -3688071.889810 5823.483870 0.193808 0.270601 91.011400
3322A_2010_320_13_0460_RGB -93045.292030 -3687303.795600 5824.486930 0.158495 0.330172 90.895944
3322A_2010_320_13_0461_RGB -93058.831590 -3685767.607980 5824.423500 -0.057959 0.150936 90.930376
3322A_2010_320_13_0462_RGB -93069.056470 -3684232.287520 5824.485590 0.064706 0.089066 90.757164
3322A_2010_320_13_0463_RGB -93085.109810 -3682696.482370 5824.666030 0.150932 -0.545983 91.271884
3322A_2010_320_13_0464_RGB -93114.012740 -3681159.425450 5824.977370 -0.004900 -0.069893 91.577802
3322A_2010_320_13_0465_RGB -93137.406960 -3679624.290960 5825.531700 -0.044017 0.513981 91.226227
3322A_2010_320_13_0466_RGB -93155.790100 -3678089.160080 5825.128010 0.006148 -0.104664 91.312606
3322A_2010_320_13_0467_RGB -93181.702910 -3676553.001050 5824.964980 0.174231 -0.121566 91.586239
3322A_2010_320_13_0468_RGB -93205.442800 -3675016.047650 5824.903920 0.086126 0.704093 91.068813
3322A_2010_320_13_0469_RGB -93211.528060 -3673481.162810 5824.846640 0.253136 0.558173 90.646682
3322A_2010_320_13_0470_RGB -93215.817310 -3671945.303080 5826.339830 0.564478 -0.105714 90.646300
3322A_2010_320_13_0471_RGB -93222.383000 -3670408.227600 5825.234260 0.424784 0.250812 90.551907
3322A_2010_320_13_0472_RGB -93228.017930 -3668872.918060 5825.306200 0.206042 0.138595 90.687138
3322A_2010_320_13_0473_RGB -93235.826120 -3667337.823810 5826.558130 0.404047 -0.166103 90.767788
3322A_2010_320_13_0474_RGB -93261.773000 -3665801.423560 5825.394420 0.384638 -1.148985 91.977754
3322A_2010_320_13_0475_RGB -93302.679940 -3664264.739810 5827.226010 0.243834 0.273323 91.851173
3322A_2010_320_13_0476_RGB -93333.827100 -3662731.555330 5825.132130 0.219847 0.421044 91.605865
3322A_2010_320_13_0477_RGB -93366.431730 -3661190.785670 5826.555600 0.572051 -0.076033 91.935236
3322A_2010_320_13_0478_RGB -93400.016430 -3659655.046550 5826.164020 0.288625 0.228888 91.769919
3322A_2010_320_13_0479_RGB -93435.522790 -3658122.333570 5825.790880 0.332502 0.098862 91.829581
3322A_2010_320_13_0480_RGB -93453.235930 -3656584.030530 5827.200940 0.168431 1.227602 90.379646
3322A_2010_320_13_0481_RGB -93450.549800 -3655049.681800 5826.782930 0.307072 0.062674 90.376706
3322A_2010_320_13_0482_RGB -93450.619900 -3653511.012670 5826.218170 -0.016032 0.322520 90.216194
3322A_2010_320_13_0483_RGB -93442.652040 -3651976.970090 5827.493950 0.082352 0.292591 90.016048
3322A_2010_320_13_0484_RGB -93434.462850 -3650442.729900 5827.468640 0.007465 0.073304 90.096790
3322A_2010_320_13_0485_RGB -93429.652540 -3648907.764580 5827.968630 -0.015927 -0.446223 90.464656
3322A_2010_320_14_0486_RGB -46787.818050 -3648624.343190 5909.906870 0.078725 5.676163 -89.813403
3322A_2010_320_14_0487_RGB -46757.468380 -3650162.305990 5909.959830 0.116355 3.645271 -88.339287
3322A_2010_320_14_0488_RGB -46721.007130 -3651696.364730 5911.040290 -0.170521 2.011307 -88.597592
3322A_2010_320_14_0489_RGB -46689.974020 -3653235.562450 5911.010160 0.021925 0.917086 -88.416247
3322A_2010_320_14_0490_RGB -46657.200680 -3654767.097060 5910.287900 -0.106184 -0.129193 -88.436721
3322A_2010_320_14_0491_RGB -46630.615310 -3656305.266270 5909.763760 -0.097812 -0.479034 -88.743543
3322A_2010_320_14_0492_RGB -46621.298850 -3657841.044660 5909.774540 -0.301259 -1.161512 -89.779616
3322A_2010_320_14_0493_RGB -46637.839130 -3659375.793460 5909.595010 -0.373739 -0.719605 -90.554062
3322A_2010_320_14_0494_RGB -46646.893480 -3660912.899840 5910.054750 -0.169417 0.946629 -89.523238
3322A_2010_320_14_0495_RGB -46620.817800 -3662447.450430 5909.402830 -0.094731 0.552483 -88.390523
3322A_2010_320_14_0496_RGB -46590.277640 -3663982.900460 5908.891670 -0.129898 -0.257352 -88.575186
3322A_2010_320_14_0497_RGB -46594.042040 -3665519.825660 5908.659880 -0.387766 -1.621040 -90.548437
3322A_2010_320_14_0498_RGB -46618.641980 -3667054.571590 5907.812850 -0.223162 -0.221513 -90.403566
3322A_2010_320_14_0499_RGB -46633.933470 -3668591.251210 5907.498700 -0.195424 -0.056699 -90.227514
3322A_2010_320_14_0500_RGB -46637.422170 -3670126.419730 5906.864000 -0.206612 0.243637 -89.667977
3322A_2010_320_14_0501_RGB -46633.838060 -3671662.289510 5906.983270 -0.400636 -0.098243 -89.605119
3322A_2010_320_14_0502_RGB -46637.930090 -3673199.801130 5907.070800 -0.544461 -0.478481 -90.097047
3322A_2010_320_14_0503_RGB -46634.315120 -3674733.754280 5907.223260 -0.306307 0.658728 -89.072852
3322A_2010_320_14_0504_RGB -46613.294560 -3676270.828050 5907.003710 -0.330700 -0.062854 -88.980458
3322A_2010_320_14_0505_RGB -46592.828630 -3677806.942260 5906.372610 -0.177337 -0.133082 -89.018389
3322A_2010_320_14_0506_RGB -46575.270600 -3679341.932910 5906.220690 -0.195438 0.044796 -89.121163
3322A_2010_320_14_0507_RGB -46547.696830 -3680877.653780 5905.483060 0.025530 0.182060 -88.663490
3322A_2010_320_14_0508_RGB -46522.346360 -3682413.387380 5907.254330 -0.283503 -0.842440 -89.162507
3322A_2010_320_14_0509_RGB -46517.141110 -3683950.180160 5905.094880 0.148094 0.142990 -89.375766
3322A_2010_320_14_0510_RGB -46499.757680 -3685486.544340 5907.084240 -0.035392 0.080112 -89.198003
3322A_2010_320_14_0511_RGB -46471.480630 -3687022.047510 5905.627890 -0.251137 -0.877591 -89.071661
3322A_2010_320_14_0512_RGB -46467.330240 -3688557.441610 5905.776200 -0.277484 -0.516132 -89.761261
3322A_2010_320_14_0513_RGB -46465.110900 -3690093.752920 5903.899280 -0.233322 -0.017608 -89.753001
3322A_2010_320_14_0514_RGB -46460.453620 -3691629.361090 5904.474600 -0.205142 0.158690 -89.587072
3322A_2010_320_14_0515_RGB -46447.483550 -3693164.933010 5903.471440 -0.224157 -0.517989 -89.447526
3322A_2010_320_14_0516_RGB -46444.713750 -3694700.854090 5904.334490 -0.220527 -0.256351 -89.781859
3322A_2010_320_14_0517_RGB -46446.615970 -3696236.596250 5903.540870 -0.131914 -0.095325 -89.909425
3322A_2010_320_14_0518_RGB -46446.574870 -3697774.108330 5903.264990 -0.221983 0.048993 -89.842828
3322A_2010_320_14_0519_RGB -46442.422660 -3698542.271630 5902.764390 -0.244016 0.436827 -89.465607
3322A_2010_320_14_0520_RGB -46431.428730 -3699309.930150 5902.234740 -0.200182 0.738326 -88.941936
3322A_2010_320_14_0521_RGB -46397.502410 -3700845.937210 5901.928330 -0.218131 -0.599156 -88.862481
3322A_2010_320_14_0522_RGB -46391.100400 -3702381.052760 5902.171990 -0.187441 -0.693874 -89.864867
3322A_2010_320_14_0523_RGB -46402.192280 -3703920.820230 5903.265100 -0.155392 -1.179482 -90.746613
3322A_2010_320_14_0524_RGB -46422.401900 -3705453.519200 5902.306440 0.271176 -0.185489 -90.653711
3322A_2010_320_14_0525_RGB -46438.058720 -3706993.228240 5903.766390 0.107818 -0.026907 -90.403996
3322A_2010_320_14_0526_RGB -46447.774440 -3708529.406080 5902.268000 -0.004645 0.350871 -90.124353
3322A_2010_320_14_0527_RGB -46442.018270 -3710064.966100 5901.897950 0.038154 0.647780 -89.495704
3322A_2010_320_14_0528_RGB -46415.748280 -3711597.074870 5901.118470 -0.075960 0.653528 -88.623217
