3322B_2010_321_01_0001_RGB -50169.364230 -3654513.574960 5891.815660 3.456649 -0.742398 1.434757
3322B_2010_321_01_0002_RGB -48631.697230 -3654504.356790 5887.176950 0.351462 -0.039732 1.194016
3322B_2010_321_01_0003_RGB -47097.233010 -3654492.790590 5896.673350 0.992815 -0.514454 0.702939
3322B_2010_321_01_0004_RGB -45561.611400 -3654517.464060 5892.112770 1.172730 -0.272278 -0.821874
3322B_2010_321_01_0005_RGB -44026.252840 -3654566.924210 5893.930070 0.249842 -0.209756 -1.404984
3322B_2010_321_01_0006_RGB -42485.925060 -3654614.184090 5894.084420 -1.369366 -0.169817 -0.432473
3322B_2010_321_01_0007_RGB -40954.432680 -3654615.150200 5892.347070 -1.711677 -0.098632 1.358786
3322B_2010_321_01_0008_RGB -39415.695280 -3654584.689270 5895.029200 -0.801861 -0.122388 2.001937
3322B_2010_321_01_0009_RGB -37880.682660 -3654558.125980 5892.253630 1.221677 0.159656 1.050418
3322B_2010_321_01_0010_RGB -36345.112860 -3654574.739070 5895.587720 1.561501 -0.343804 -0.475215
3322B_2010_321_01_0011_RGB -34807.126340 -3654619.223290 5892.296080 0.095167 -0.041136 -0.727063
3322B_2010_321_01_0012_RGB -33271.253400 -3654628.078340 5893.817860 -1.555929 -0.352553 1.212013
3322B_2010_321_01_0013_RGB -31738.305610 -3654598.105680 5894.401230 -0.719823 -0.350643 2.104915
3322B_2010_321_01_0014_RGB -30203.916370 -3654575.633540 5892.716370 1.002792 -0.180655 0.881941
3322B_2010_321_01_0015_RGB -28667.222440 -3654588.762720 5893.957230 1.378615 -0.225463 -0.395615
3322B_2010_321_01_0016_RGB -27131.168920 -3654628.532460 5893.178300 0.093913 -0.173476 -0.646486
3322B_2010_321_01_0017_RGB -25595.843900 -3654638.990480 5893.838690 -1.445500 -0.128634 1.039813
3322B_2010_321_01_0018_RGB -24059.076940 -3654606.974490 5893.274730 -1.550945 -0.301876 2.521576
3322B_2010_321_01_0019_RGB -22523.374760 -3654552.704560 5893.444500 0.384365 -0.142773 2.410684
3322B_2010_321_01_0020_RGB -20989.116800 -3654536.661230 5893.644650 1.761035 -0.300331 0.649108
3322B_2010_321_01_0021_RGB -19451.951840 -3654557.222780 5893.170190 1.232479 -0.223757 -0.234447
3322B_2010_321_01_0022_RGB -17916.226060 -3654588.774960 5893.622340 -0.142657 -0.283348 -0.224472
3322B_2010_321_01_0023_RGB -16380.922840 -3654600.543940 5893.985770 -0.680191 -0.286351 0.608216
3322B_2010_321_01_0024_RGB -14843.873500 -3654594.076610 5893.221960 -0.478087 -0.152370 0.928534
3322B_2010_321_01_0025_RGB -13308.112360 -3654584.685470 5893.411770 0.115618 -0.068530 1.002104
3322B_2010_321_01_0026_RGB -11772.759980 -3654587.787050 5893.784820 0.496464 -0.164346 0.482126
3322B_2010_321_01_0027_RGB -10236.516810 -3654603.589760 5893.304230 0.267011 -0.282035 0.139490
3322B_2010_321_01_0028_RGB -8699.826150 -3654597.702890 5893.888720 -1.194860 -0.211128 1.697511
3322B_2010_321_01_0029_RGB -7163.784790 -3654563.166510 5893.603180 -0.685326 -0.215253 2.261306
3322B_2010_321_01_0030_RGB -5628.755300 -3654541.697430 5893.185940 1.869363 -0.092306 0.645680
3322B_2010_321_01_0031_RGB -4092.297420 -3654565.166090 5893.544030 1.232810 -0.135959 -0.491191
3322B_2010_321_01_0032_RGB -2555.377110 -3654603.076970 5894.524060 0.096464 -0.320641 -0.538435
3322B_2010_321_01_0033_RGB -1019.615160 -3654623.882370 5892.937030 -1.264286 -0.151377 0.617489
3322B_2010_321_01_0034_RGB 515.037160 -3654608.337450 5895.117160 -0.631561 -0.340780 1.384618
3322B_2010_321_01_0035_RGB 2050.955490 -3654582.557200 5891.893850 -0.438161 -0.096996 1.792142
3322B_2010_321_01_0036_RGB 3588.521480 -3654560.192420 5895.923380 0.156018 -0.329220 1.580489
3322B_2010_321_02_0037_RGB 3560.774690 -3659976.015640 5894.260220 -2.253415 0.221302 -179.747458
3322B_2010_321_02_0038_RGB 2026.422830 -3659945.480460 5894.051140 -1.507034 0.275405 178.578634
3322B_2010_321_02_0039_RGB 490.482960 -3659891.269190 5893.753150 -0.248565 0.164505 178.388301
3322B_2010_321_02_0040_RGB -1047.707410 -3659853.260490 5893.649610 2.056117 0.091169 -179.828713
3322B_2010_321_02_0041_RGB -2580.838270 -3659888.639330 5893.394460 0.976468 0.198898 -177.824399
3322B_2010_321_02_0042_RGB -4117.026420 -3659927.892160 5893.625970 -0.438667 0.168711 -178.323704
3322B_2010_321_02_0043_RGB -5654.177890 -3659935.557400 5893.853790 -1.378929 0.285800 -179.830015
3322B_2010_321_02_0044_RGB -7188.386910 -3659934.723690 5893.798290 0.633837 0.347981 -179.018145
3322B_2010_321_02_0045_RGB -8725.005760 -3659952.453890 5892.748800 -1.240550 0.266779 -179.626591
3322B_2010_321_02_0046_RGB -10261.660000 -3659941.831360 5893.913320 -0.057835 0.317786 -179.854649
3322B_2010_321_02_0047_RGB -11796.709880 -3659933.063880 5894.119120 0.234340 0.237350 -179.792314
3322B_2010_321_02_0048_RGB -13333.472400 -3659922.330760 5891.937420 -0.307589 0.127215 179.852319
3322B_2010_321_02_0049_RGB -14868.572760 -3659909.233090 5893.914210 0.285624 0.233239 -179.929656
3322B_2010_321_02_0050_RGB -16404.886690 -3659902.183280 5893.132210 -0.342495 0.155803 179.948965
3322B_2010_321_02_0051_RGB -17940.660720 -3659888.633150 5893.435560 0.170743 0.185244 -179.974435
3322B_2010_321_02_0052_RGB -19477.807340 -3659883.313800 5892.792620 -0.393485 0.115355 -179.947394
3322B_2010_321_02_0053_RGB -21013.738440 -3659866.444370 5893.218100 -0.072080 0.225338 179.683044
3322B_2010_321_02_0054_RGB -22548.661360 -3659860.075620 5892.365750 0.277226 0.196924 -179.738754
3322B_2010_321_02_0055_RGB -24088.652920 -3659851.897730 5892.288070 -0.333890 0.159484 179.953477
3322B_2010_321_02_0056_RGB -25624.118760 -3659844.052970 5894.177580 -0.155750 0.261971 -179.838409
3322B_2010_321_02_0057_RGB -27160.672690 -3659834.821000 5892.092070 0.119855 0.254339 -179.776418
3322B_2010_321_02_0058_RGB -28697.353530 -3659833.752050 5892.899560 0.341322 0.196786 -179.330890
3322B_2010_321_02_0059_RGB -30230.444680 -3659841.683900 5892.083250 -0.052646 0.177005 -179.339661
3322B_2010_321_02_0060_RGB -31768.770280 -3659847.062410 5893.114940 -0.107243 0.110527 -179.444684
3322B_2010_321_02_0061_RGB -33302.330690 -3659857.805910 5891.992080 0.062967 0.250032 -179.100237
3322B_2010_321_02_0062_RGB -34836.762530 -3659869.609670 5893.300190 -0.015266 0.364742 -179.050149
3322B_2010_321_02_0063_RGB -36373.828620 -3659878.511500 5891.463480 -0.057720 0.046483 -179.296542
3322B_2010_321_02_0064_RGB -37908.627780 -3659889.622160 5892.708810 -0.407778 0.244964 -179.393116
3322B_2010_321_02_0065_RGB -39444.681920 -3659867.971920 5891.687690 -1.631145 0.303660 178.670872
3322B_2010_321_02_0066_RGB -40980.243690 -3659812.590200 5892.436630 0.844738 0.119231 178.843407
3322B_2010_321_02_0067_RGB -42516.083750 -3659797.676830 5892.949140 0.493975 0.131673 -179.971977
3322B_2010_321_02_0068_RGB -44053.325660 -3659783.248690 5893.098500 -0.398496 0.364329 179.558249
3322B_2010_321_02_0069_RGB -45589.822320 -3659766.778720 5891.790980 0.085976 0.193564 179.755186
3322B_2010_321_02_0070_RGB -47125.378040 -3659746.550800 5892.884570 -0.488751 0.366873 179.497822
3322B_2010_321_02_0071_RGB -48661.328580 -3659724.558450 5891.341900 -0.120060 0.210058 179.604925
3322B_2010_321_02_0072_RGB -50196.902930 -3659720.181850 5893.247330 1.908109 0.404339 -178.601791
3322B_2010_321_03_0073_RGB 3563.028270 -3665164.569520 5878.407550 1.000168 0.232796 -179.743837
3322B_2010_321_03_0074_RGB 2026.739600 -3665168.983450 5878.377300 1.194131 0.416178 -178.926910
3322B_2010_321_03_0075_RGB 492.124510 -3665174.432820 5877.508330 -0.682563 0.357880 -179.630189
3322B_2010_321_03_0076_RGB -1044.210050 -3665149.481270 5877.437180 -0.270985 0.325939 179.494752
3322B_2010_321_03_0077_RGB -2580.975310 -3665135.534110 5877.950090 -0.067836 0.133435 -179.766471
3322B_2010_321_03_0078_RGB -4115.036730 -3665114.615360 5878.150250 -0.213242 0.405702 179.711290
3322B_2010_321_03_0079_RGB -5651.310650 -3665106.269690 5877.633160 0.612868 0.199901 -179.480836
3322B_2010_321_03_0080_RGB -7187.914180 -3665113.144060 5877.600470 -0.150653 0.153346 -179.210269
3322B_2010_321_03_0081_RGB -8724.513450 -3665112.738000 5877.431220 0.071580 0.257048 -179.311539
3322B_2010_321_03_0082_RGB -10260.749590 -3665129.688680 5878.597300 0.443263 0.245765 -178.354006
3322B_2010_321_03_0083_RGB -11796.022050 -3665147.039480 5877.224220 -0.892123 0.155084 -179.211063
3322B_2010_321_03_0084_RGB -13331.330520 -3665143.526290 5876.750380 0.083437 0.194183 -179.452905
3322B_2010_321_03_0085_RGB -14867.702330 -3665148.094630 5877.646100 -0.419742 0.138902 -179.418071
3322B_2010_321_03_0086_RGB -16404.739710 -3665134.245060 5877.128570 -0.305991 0.174609 179.940040
3322B_2010_321_03_0087_RGB -17940.297420 -3665114.442730 5877.561840 -0.176007 0.331603 179.716622
3322B_2010_321_03_0088_RGB -19476.686250 -3665112.142860 5878.970670 0.684095 0.359140 -178.976484
3322B_2010_321_03_0089_RGB -21011.748410 -3665110.246980 5876.735900 -0.655304 0.027645 -179.954724
3322B_2010_321_03_0090_RGB -22551.128730 -3665112.142960 5877.790020 0.987887 0.218845 -178.756149
3322B_2010_321_03_0091_RGB -24083.802090 -3665138.242130 5877.307500 -0.989647 0.119955 -178.995679
3322B_2010_321_03_0092_RGB -25622.888980 -3665116.557750 5877.596210 -0.816507 0.090241 179.493617
3322B_2010_321_03_0093_RGB -27157.127020 -3665100.179100 5877.868930 1.084166 0.188081 -179.383653
3322B_2010_321_03_0094_RGB -28694.857360 -3665111.108550 5876.205050 -0.070238 0.109557 -179.068172
3322B_2010_321_03_0095_RGB -30229.096720 -3665125.944140 5878.853500 -0.222930 0.241109 -178.940886
3322B_2010_321_03_0096_RGB -31764.905240 -3665114.470460 5877.174570 -0.443940 0.339978 179.904936
3322B_2010_321_03_0097_RGB -33301.819280 -3665104.408000 5877.064850 -0.283903 0.306474 -179.828854
3322B_2010_321_03_0098_RGB -34837.054160 -3665089.669050 5877.514500 -0.176090 0.345968 -179.921627
3322B_2010_321_03_0099_RGB -36372.977680 -3665090.455960 5875.772620 0.435864 0.097543 -179.120844
3322B_2010_321_03_0100_RGB -37908.452080 -3665093.202950 5876.386220 -0.637972 0.176684 -179.719848
3322B_2010_321_03_0101_RGB -39444.374990 -3665098.211180 5876.553180 0.966446 0.242478 -178.684181
3322B_2010_321_03_0102_RGB -40980.511140 -3665125.277310 5876.119260 -0.600477 0.118128 -178.741851
3322B_2010_321_03_0103_RGB -42515.624480 -3665133.881530 5877.263050 -0.293865 0.270617 -179.183984
3322B_2010_321_03_0104_RGB -44051.770360 -3665148.754270 5874.994190 0.021075 0.261592 -178.868889
3322B_2010_321_03_0105_RGB -45588.489710 -3665141.642510 5875.087910 -1.555766 0.247095 179.293300
3322B_2010_321_03_0106_RGB -47122.972170 -3665112.657710 5876.858210 0.664791 0.340943 179.907254
3322B_2010_321_03_0107_RGB -48659.018520 -3665109.704810 5874.528710 -0.054436 0.414575 -179.636369
3322B_2010_321_03_0108_RGB -50195.782050 -3665109.166080 5876.280200 0.648320 0.246246 -179.009356
3322B_2010_321_04_0109_RGB -50189.195000 -3670442.598980 5831.381430 0.144513 -0.197704 2.178318
3322B_2010_321_04_0110_RGB -48655.118230 -3670383.754230 5830.758450 -0.686388 -0.219254 2.601730
3322B_2010_321_04_0111_RGB -47113.664460 -3670335.963580 5831.210260 0.230560 0.008884 1.723124
3322B_2010_321_04_0112_RGB -45582.461130 -3670318.507560 5829.884040 0.445450 0.155884 0.604357
3322B_2010_321_04_0113_RGB -44045.863550 -3670333.651660 5832.613310 0.830930 -0.326866 -0.607840
3322B_2010_321_04_0114_RGB -42506.040620 -3670374.952380 5830.369870 0.943792 -0.127546 -1.434315
3322B_2010_321_04_0115_RGB -40970.822230 -3670411.414730 5831.527270 -1.289747 -0.089881 -0.253009
3322B_2010_321_04_0116_RGB -39438.885090 -3670406.683710 5831.304740 -1.506831 -0.227269 1.259286
3322B_2010_321_04_0117_RGB -37898.435570 -3670376.200100 5829.831390 -0.075122 -0.274148 1.598404
3322B_2010_321_04_0118_RGB -36366.448430 -3670357.490200 5832.228130 0.749972 -0.443240 0.774547
3322B_2010_321_04_0119_RGB -34826.933760 -3670361.016890 5830.707170 0.893472 -0.103341 0.098002
3322B_2010_321_04_0120_RGB -33293.094270 -3670382.674200 5832.335440 0.957510 -0.157866 -0.600780
3322B_2010_321_04_0121_RGB -31758.039360 -3670416.330460 5831.991690 0.176832 -0.064668 -0.683781
3322B_2010_321_04_0122_RGB -30224.068110 -3670431.276590 5830.510030 -1.262320 -0.001218 0.464694
3322B_2010_321_04_0123_RGB -28686.743080 -3670400.907730 5832.569070 -1.897149 -0.307540 2.453440
3322B_2010_321_04_0124_RGB -27149.957690 -3670346.185370 5832.234730 0.812240 -0.114771 1.986563
3322B_2010_321_04_0125_RGB -25615.936670 -3670333.886190 5831.375450 1.734455 -0.079243 0.213044
3322B_2010_321_04_0126_RGB -24079.028270 -3670352.480360 5832.795110 1.144579 -0.390559 -0.515636
3322B_2010_321_04_0127_RGB -22543.367780 -3670391.397080 5832.221250 0.872995 -0.364464 -1.218553
3322B_2010_321_04_0128_RGB -21006.228070 -3670418.323760 5832.875910 -1.161990 -0.186401 0.159037
3322B_2010_321_04_0129_RGB -19471.450090 -3670394.350860 5831.817090 -2.097190 -0.376724 2.092336
3322B_2010_321_04_0130_RGB -17934.837270 -3670335.932890 5832.718630 -0.463776 -0.390373 2.745636
3322B_2010_321_04_0131_RGB -16399.792410 -3670300.766800 5831.754110 1.612633 -0.308501 1.142385
3322B_2010_321_04_0132_RGB -14863.921590 -3670313.440740 5832.653630 1.874937 -0.496691 -0.696466
3322B_2010_321_04_0133_RGB -13327.293880 -3670361.417130 5831.773620 0.908616 -0.418079 -1.588429
3322B_2010_321_04_0134_RGB -11791.337890 -3670384.928920 5831.852840 -1.724407 -0.197121 0.562823
3322B_2010_321_04_0135_RGB -10255.895130 -3670359.874950 5832.205860 -0.987974 -0.281152 1.826479
3322B_2010_321_04_0136_RGB -8719.992270 -3670321.894530 5832.491780 -0.061960 -0.386337 1.832952
3322B_2010_321_04_0137_RGB -7183.167150 -3670299.418390 5832.530790 0.875660 -0.367527 0.825568
3322B_2010_321_04_0138_RGB -5646.359730 -3670308.036250 5831.794390 1.192938 -0.277775 -0.248926
3322B_2010_321_04_0139_RGB -4111.561110 -3670325.201900 5831.253720 -0.202068 -0.102300 0.199298
3322B_2010_321_04_0140_RGB -2575.442730 -3670320.728600 5832.273060 -0.572737 -0.018323 1.023537
3322B_2010_321_04_0141_RGB -1037.083930 -3670302.078870 5830.939720 0.389867 -0.146220 0.937100
3322B_2010_321_04_0142_RGB 497.064360 -3670307.668080 5831.149570 1.639140 -0.292705 -0.392584
3322B_2010_321_04_0143_RGB 2032.327990 -3670355.884420 5832.512110 0.638322 -0.358743 -1.442683
3322B_2010_321_04_0144_RGB 3568.532520 -3670400.792170 5830.728300 -0.207336 0.005527 -1.019644
3322B_2010_321_05_0145_RGB 3562.802840 -3675678.821920 5783.597330 -0.365369 -0.537837 -176.491098
3322B_2010_321_05_0146_RGB 2024.973330 -3675687.711300 5780.791340 0.932568 0.178765 -179.121899
3322B_2010_321_05_0147_RGB 491.445780 -3675709.412050 5785.732650 0.691044 0.376267 -178.860601
3322B_2010_321_05_0148_RGB -1045.066910 -3675703.522570 5783.023660 -0.303210 0.499090 179.798632
3322B_2010_321_05_0149_RGB -2581.081520 -3675681.411350 5781.944120 0.555328 0.380343 -179.334328
3322B_2010_321_05_0150_RGB -4115.807280 -3675712.398900 5786.547700 1.326143 0.465230 -177.556908
3322B_2010_321_05_0151_RGB -5651.845250 -3675739.248800 5783.816300 -1.012403 0.306951 -178.965275
3322B_2010_321_05_0152_RGB -7189.010210 -3675741.692800 5781.815660 0.024099 0.149933 -179.105952
3322B_2010_321_05_0153_RGB -8724.516340 -3675727.412340 5786.189490 -0.632275 0.376976 179.729923
3322B_2010_321_05_0154_RGB -10259.164550 -3675684.236790 5783.685970 -0.422624 0.313441 178.659084
3322B_2010_321_05_0155_RGB -11795.922410 -3675663.502770 5782.239090 1.195797 0.221350 -179.569569
3322B_2010_321_05_0156_RGB -13331.863110 -3675666.612120 5784.123830 -1.048050 0.307069 -179.844940
3322B_2010_321_05_0157_RGB -14867.816440 -3675641.042400 5782.464500 -0.195879 0.136876 179.802947
3322B_2010_321_05_0158_RGB -16403.759840 -3675621.044870 5783.284060 0.557397 -0.108732 -179.700456
3322B_2010_321_05_0159_RGB -17940.815230 -3675603.255680 5783.390170 -0.183981 0.243843 179.899115
3322B_2010_321_05_0160_RGB -19476.823870 -3675613.641970 5782.517180 1.188931 0.258894 -178.250625
3322B_2010_321_05_0161_RGB -21012.195030 -3675634.909980 5785.521650 -1.100323 0.403778 -179.171522
3322B_2010_321_05_0162_RGB -22548.344370 -3675630.998950 5781.713060 -0.105596 0.220768 -179.293652
3322B_2010_321_05_0163_RGB -24082.807610 -3675627.246120 5782.687280 -0.421135 0.440030 -179.622874
3322B_2010_321_05_0164_RGB -25619.674370 -3675622.194840 5782.165680 0.209378 0.267970 -179.198559
3322B_2010_321_05_0165_RGB -27156.520230 -3675619.401420 5782.778480 0.081003 0.326573 -179.378657
3322B_2010_321_05_0166_RGB -28698.056500 -3675620.125080 5783.154390 -0.203483 0.308093 -179.309909
3322B_2010_321_05_0167_RGB -30227.630790 -3675620.201600 5780.811870 0.726109 0.101132 -178.723528
3322B_2010_321_05_0168_RGB -31767.818400 -3675632.427560 5782.677740 -1.019589 0.230366 -179.397002
3322B_2010_321_05_0169_RGB -33304.105330 -3675629.522840 5781.921550 0.198746 0.162016 -179.193903
3322B_2010_321_05_0170_RGB -34837.260510 -3675634.174150 5783.833350 0.073592 0.194990 -179.162063
3322B_2010_321_05_0171_RGB -36374.990640 -3675641.903490 5783.957790 -0.299337 0.444865 -179.217204
3322B_2010_321_05_0172_RGB -37910.028630 -3675647.281970 5780.730540 0.191789 0.151879 -178.940134
3322B_2010_321_05_0173_RGB -39447.925540 -3675644.182960 5782.047140 0.033625 -0.009478 -179.229970
3322B_2010_321_05_0174_RGB -40981.343970 -3675627.872330 5783.071840 -0.011454 0.051429 -179.866777
3322B_2010_321_05_0175_RGB -42515.895760 -3675620.620900 5783.725840 0.204404 0.386383 -179.226422
3322B_2010_321_05_0176_RGB -44053.471300 -3675600.666660 5782.584620 0.119554 0.334661 -179.906814
3322B_2010_321_05_0177_RGB -45588.163390 -3675602.473610 5781.243650 1.523884 0.325411 -178.288229
3322B_2010_321_05_0178_RGB -47122.963110 -3675664.924140 5782.867410 0.006757 0.354666 -176.833160
3322B_2010_321_05_0179_RGB -48659.002290 -3675711.329070 5780.795610 -0.912326 0.234085 -178.160471
3322B_2010_321_05_0180_RGB -50195.129140 -3675711.038070 5781.896160 -1.650438 0.329879 179.809842
3322B_2010_321_06_0181_RGB -50190.005220 -3680874.934900 5793.301430 -1.188972 -0.421454 3.183482
3322B_2010_321_06_0182_RGB -48655.544030 -3680833.500630 5787.927150 2.548817 -0.125693 1.022591
3322B_2010_321_06_0183_RGB -47120.319320 -3680831.997830 5781.186300 -0.640859 -0.332571 1.399118
3322B_2010_321_06_0184_RGB -45584.331700 -3680817.295760 5786.067540 1.824824 -0.571092 0.568840
3322B_2010_321_06_0185_RGB -44048.509050 -3680854.030640 5784.535440 2.519958 -0.417907 -1.656316
3322B_2010_321_06_0186_RGB -42511.797260 -3680928.267750 5782.998040 -0.245379 -0.219066 -1.905050
3322B_2010_321_06_0187_RGB -40975.770700 -3680971.707640 5784.529950 -1.049138 -0.510438 -0.640540
3322B_2010_321_06_0188_RGB -39439.409750 -3680981.510390 5784.260160 -1.827314 -0.384236 1.000457
3322B_2010_321_06_0189_RGB -37903.711090 -3680947.707910 5784.724880 -1.076197 -0.229748 2.294020
3322B_2010_321_06_0190_RGB -36368.763780 -3680908.272820 5783.555770 0.753474 -0.071034 1.646812
3322B_2010_321_06_0191_RGB -34832.153190 -3680904.115350 5783.398680 0.981169 -0.196088 0.613661
3322B_2010_321_06_0192_RGB -33296.151410 -3680900.518190 5784.873740 -0.620575 -0.235886 1.208718
3322B_2010_321_06_0193_RGB -31760.197260 -3680876.447760 5783.759930 0.284984 -0.018599 1.453514
3322B_2010_321_06_0194_RGB -30222.866270 -3680864.922940 5784.634510 1.017858 -0.056445 0.554224
3322B_2010_321_06_0195_RGB -28689.330830 -3680878.489610 5785.191700 1.057436 -0.198399 -0.424911
3322B_2010_321_06_0196_RGB -27153.286090 -3680919.960510 5783.042600 0.670307 -0.048762 -1.251529
3322B_2010_321_06_0197_RGB -25615.989030 -3680950.211310 5784.775820 -1.098385 -0.134706 0.074170
3322B_2010_321_06_0198_RGB -24080.008370 -3680941.424400 5783.495410 -1.668862 -0.222887 1.732445
3322B_2010_321_06_0199_RGB -22545.106950 -3680892.885230 5785.325340 -0.975378 -0.306229 2.773113
3322B_2010_321_06_0200_RGB -21009.463070 -3680846.452450 5784.376020 1.238488 -0.056401 1.693328
3322B_2010_321_06_0201_RGB -19472.821030 -3680847.383490 5784.638230 1.856904 -0.092073 -0.081896
3322B_2010_321_06_0202_RGB -17936.171410 -3680879.183190 5786.124940 0.931896 -0.308030 -0.665213
3322B_2010_321_06_0203_RGB -16399.570570 -3680911.465480 5783.562980 -0.782069 -0.084527 -0.073074
3322B_2010_321_06_0204_RGB -14859.647170 -3680900.149900 5785.546480 -1.497262 -0.255398 1.725431
3322B_2010_321_06_0205_RGB -13328.949920 -3680868.486300 5784.124930 0.665782 -0.179864 1.365969
3322B_2010_321_06_0206_RGB -11788.502050 -3680879.997210 5784.671850 1.498002 -0.239634 -0.590923
3322B_2010_321_06_0207_RGB -10252.144030 -3680918.582180 5785.280500 0.250136 -0.172753 -0.886738
3322B_2010_321_06_0208_RGB -8715.827840 -3680933.508440 5784.760640 -1.390541 -0.147048 0.825024
3322B_2010_321_06_0209_RGB -7181.107730 -3680909.976040 5785.222650 -0.892466 -0.336732 1.864755
3322B_2010_321_06_0210_RGB -5646.727720 -3680873.777210 5785.240040 0.110544 -0.129353 1.786389
3322B_2010_321_06_0211_RGB -4111.373630 -3680850.961560 5787.349000 0.655534 -0.280376 1.148251
3322B_2010_321_06_0212_RGB -2571.137830 -3680854.369990 5783.648310 1.158445 -0.117402 0.008125
3322B_2010_321_06_0213_RGB -1039.523160 -3680874.101060 5787.451710 0.408117 -0.379491 -0.282755
3322B_2010_321_06_0214_RGB 495.176400 -3680892.352070 5783.752020 0.025373 -0.128383 -0.082354
3322B_2010_321_06_0215_RGB 2033.507570 -3680901.670320 5787.953640 -0.540355 -0.322185 0.456919
3322B_2010_321_06_0216_RGB 3568.573700 -3680899.785090 5783.647450 -0.063204 -0.119180 0.618921
3322B_2010_321_07_0217_RGB 3562.644540 -3686188.217690 5899.395280 -1.678974 -0.112551 -176.011353
3322B_2010_321_07_0218_RGB 2027.433700 -3686219.902080 5901.030920 -2.775046 0.225866 -179.829782
3322B_2010_321_07_0219_RGB 490.825960 -3686219.038250 5899.522110 0.457379 0.072012 -179.128561
3322B_2010_321_07_0220_RGB -1043.482810 -3686247.391040 5900.151340 -0.371200 0.094010 -178.565188
3322B_2010_321_07_0221_RGB -2580.717260 -3686257.118630 5899.488440 -0.578751 0.090447 -179.562638
3322B_2010_321_07_0222_RGB -4119.101560 -3686257.194560 5900.073920 -0.241335 0.183659 -179.674842
3322B_2010_321_07_0223_RGB -5652.808690 -3686243.558800 5899.596180 -0.219185 0.215272 179.829497
3322B_2010_321_07_0224_RGB -7192.524150 -3686236.333820 5899.841130 0.831042 0.144441 -179.272664
3322B_2010_321_07_0225_RGB -8726.424000 -3686255.689310 5898.964780 -0.404408 0.052835 -179.169300
3322B_2010_321_07_0226_RGB -10263.282170 -3686247.845130 5901.138510 -1.008066 0.325270 179.603623
3322B_2010_321_07_0227_RGB -11797.478860 -3686230.713530 5899.292080 0.205562 0.221491 179.960039
3322B_2010_321_07_0228_RGB -13332.733690 -3686225.530580 5899.469470 0.084269 0.148699 -179.597001
3322B_2010_321_07_0229_RGB -14869.803780 -3686210.615140 5898.768070 -0.902565 0.292497 179.419656
3322B_2010_321_07_0230_RGB -16404.338470 -3686181.696700 5899.991970 -0.113210 0.312649 179.409291
3322B_2010_321_07_0231_RGB -17939.533290 -3686171.401980 5899.504170 1.249185 0.085210 -179.122468
3322B_2010_321_07_0232_RGB -19474.638200 -3686187.484840 5898.568820 -0.579734 0.046871 -179.398299
3322B_2010_321_07_0233_RGB -21011.925150 -3686183.968740 5900.798080 -0.279413 0.379539 -179.793099
3322B_2010_321_07_0234_RGB -22547.653030 -3686180.965840 5897.490210 -0.127983 0.314683 -179.626282
3322B_2010_321_07_0235_RGB -24083.707090 -3686185.323890 5899.422980 0.374253 0.255588 -179.046761
3322B_2010_321_07_0236_RGB -25620.823570 -3686194.456990 5898.552890 -1.252780 0.109191 -179.924952
3322B_2010_321_07_0237_RGB -27156.035870 -3686168.756200 5897.514710 -0.292243 0.076729 179.485132
3322B_2010_321_07_0238_RGB -28692.003670 -3686147.453900 5901.055990 0.301620 0.340070 179.765114
3322B_2010_321_07_0239_RGB -30227.557060 -3686150.308160 5897.581830 0.305881 0.324345 -179.284150
3322B_2010_321_07_0240_RGB -31764.844580 -3686160.028220 5897.424260 0.122113 0.116303 -179.262161
3322B_2010_321_07_0241_RGB -33299.972870 -3686178.552200 5899.963040 -0.027134 0.359076 -178.894456
3322B_2010_321_07_0242_RGB -34836.159960 -3686187.767930 5898.709830 -0.889557 0.261506 -179.682762
3322B_2010_321_07_0243_RGB -36373.087230 -3686178.453750 5898.076090 -0.338611 0.256254 -179.899889
3322B_2010_321_07_0244_RGB -37908.003240 -3686164.247430 5897.399340 -0.771553 0.217242 179.539969
3322B_2010_321_07_0245_RGB -39445.111850 -3686136.624690 5898.787420 0.577659 0.117007 179.837895
3322B_2010_321_07_0246_RGB -40979.979560 -3686145.520020 5897.999540 0.442343 0.289002 -179.088945
3322B_2010_321_07_0247_RGB -42517.102830 -3686158.450060 5898.604330 0.153185 0.346226 -179.119185
3322B_2010_321_07_0248_RGB -44052.332250 -3686178.391870 5898.737050 0.144354 0.341706 -178.781811
3322B_2010_321_07_0249_RGB -45588.645760 -3686205.165910 5896.507890 0.135299 0.228414 -178.408600
3322B_2010_321_07_0250_RGB -47124.064220 -3686217.405850 5900.180510 -0.794064 0.621952 -179.604503
3322B_2010_321_07_0251_RGB -48659.846560 -3686211.726870 5897.197940 -0.673403 0.107995 179.830526
3322B_2010_321_07_0252_RGB -50200.377210 -3686194.208740 5897.734290 -0.689050 0.135845 179.481486
3322B_2010_321_08_0253_RGB -50188.824910 -3691417.316140 5822.456040 -2.964807 -0.416505 -0.711723
3322B_2010_321_08_0254_RGB -48653.288740 -3691447.552540 5824.830500 -5.101340 -1.209973 -0.813838
3322B_2010_321_08_0255_RGB -47117.130870 -3691439.942470 5815.849000 -4.801915 -0.741669 1.644013
3322B_2010_321_08_0256_RGB -45581.396790 -3691412.761020 5816.382980 -0.879289 -0.701129 0.936350
3322B_2010_321_08_0257_RGB -44047.279990 -3691416.648800 5828.090460 -0.988929 -1.036847 0.023731
3322B_2010_321_08_0258_RGB -42509.603740 -3691432.072780 5831.587570 -0.380634 -0.335267 -0.030400
3322B_2010_321_08_0259_RGB -40975.269610 -3691433.385120 5832.944240 -1.933591 -0.238402 1.487699
3322B_2010_321_08_0260_RGB -39439.205360 -3691390.645600 5833.944120 -1.570328 -0.210216 3.010380
3322B_2010_321_08_0261_RGB -37902.776730 -3691314.748040 5835.427660 0.703930 -0.444337 3.056108
3322B_2010_321_08_0262_RGB -36367.641100 -3691294.862230 5831.254160 3.160036 -0.354705 0.296694
3322B_2010_321_08_0263_RGB -34827.909950 -3691318.525940 5834.560280 1.340800 -0.621397 -0.371221
3322B_2010_321_08_0264_RGB -33294.683200 -3691373.486330 5832.660370 1.109617 -0.510669 -1.734775
3322B_2010_321_08_0265_RGB -31754.323380 -3691421.746500 5833.130790 -1.271858 -0.535273 -0.546296
3322B_2010_321_08_0266_RGB -30219.472890 -3691421.623740 5831.648620 -1.767762 -0.557107 1.263061
3322B_2010_321_08_0267_RGB -28686.242930 -3691397.791140 5833.623660 -0.527852 -0.674100 1.514182
3322B_2010_321_08_0268_RGB -27150.926770 -3691391.536360 5830.480530 1.418732 -0.538049 0.240349
3322B_2010_321_08_0269_RGB -25609.292520 -3691414.876900 5832.349510 0.760566 -0.542254 -0.368892
3322B_2010_321_08_0270_RGB -24076.983530 -3691441.286250 5831.061600 -0.248187 -0.364719 0.071905
3322B_2010_321_08_0271_RGB -22537.866490 -3691442.228170 5832.118220 -1.169290 -0.502137 1.266642
3322B_2010_321_08_0272_RGB -21004.206010 -3691412.707450 5830.730560 -0.560507 -0.468877 2.031038
3322B_2010_321_08_0273_RGB -19470.138050 -3691385.124000 5831.432760 0.788492 -0.204329 1.367062
3322B_2010_321_08_0274_RGB -17933.302280 -3691386.443770 5832.625550 1.718309 -0.310938 -0.024495
3322B_2010_321_08_0275_RGB -16398.916530 -3691420.353530 5830.042870 1.127693 -0.396594 -0.750195
3322B_2010_321_08_0276_RGB -14861.457500 -3691464.167050 5832.238220 0.278022 -0.482319 -0.846510
3322B_2010_321_08_0277_RGB -13326.825620 -3691473.143430 5828.508810 -2.647710 -0.233879 1.645801
3322B_2010_321_08_0278_RGB -11790.716980 -3691435.121340 5830.826810 -0.344665 -0.462704 2.031942
3322B_2010_321_08_0279_RGB -10253.885850 -3691406.277170 5829.604770 0.543030 -0.266464 1.457065
3322B_2010_321_08_0280_RGB -8719.194270 -3691405.797280 5829.539290 1.270261 -0.200877 0.157314
3322B_2010_321_08_0281_RGB -7183.318560 -3691432.028480 5830.340870 0.788590 -0.224648 -0.452813
3322B_2010_321_08_0282_RGB -5645.639790 -3691461.037640 5830.245830 0.033833 -0.241056 -0.068773
3322B_2010_321_08_0283_RGB -4111.032710 -3691459.439530 5830.026050 -1.749398 -0.508170 1.691789
3322B_2010_321_08_0284_RGB -2574.433190 -3691412.528160 5828.870120 -0.819666 -0.267850 2.733493
3322B_2010_321_08_0285_RGB -1039.859750 -3691375.890280 5830.504940 1.529807 -0.271416 1.319474
3322B_2010_321_08_0286_RGB 496.727830 -3691382.135020 5829.125380 1.578434 -0.296145 -0.064893
3322B_2010_321_08_0287_RGB 2032.162210 -3691421.605190 5830.054820 1.232299 -0.524539 -1.195764
3322B_2010_321_08_0288_RGB 3569.422830 -3691472.022690 5829.410060 0.291202 -0.427441 -1.149102
3322B_2010_321_09_0289_RGB -50189.554190 -3696573.595110 6032.172750 1.850161 0.032289 3.224849
3322B_2010_321_09_0290_RGB -48654.454790 -3696531.696500 6024.622420 2.632431 0.590617 1.891410
3322B_2010_321_09_0291_RGB -47118.553630 -3696522.680870 6019.114080 2.874919 0.328799 0.420364
3322B_2010_321_09_0292_RGB -45582.537770 -3696539.195430 6021.778640 1.413839 -0.070195 -0.077261
3322B_2010_321_09_0293_RGB -44046.203830 -3696556.779730 6017.829910 -0.310873 0.203714 0.356502
3322B_2010_321_09_0294_RGB -42509.922010 -3696558.082570 6020.879660 -0.538503 -0.276101 0.878166
3322B_2010_321_09_0295_RGB -40974.205830 -3696552.472490 6020.343480 0.596758 -0.070380 0.539774
3322B_2010_321_09_0296_RGB -39434.982190 -3696579.849550 6020.219390 1.600153 0.099276 -0.876850
3322B_2010_321_09_0297_RGB -37903.466710 -3696629.827320 6020.477690 0.988846 0.130401 -1.369449
3322B_2010_321_09_0298_RGB -36367.554110 -3696698.333220 6020.906410 0.952566 0.210915 -2.009702
3322B_2010_321_09_0299_RGB -34824.579720 -3696758.378090 6019.144170 -2.640218 0.072840 -0.396365
3322B_2010_321_09_0300_RGB -33289.753320 -3696753.861270 6020.392080 -3.469411 -0.303968 1.932264
3322B_2010_321_09_0301_RGB -31754.822190 -3696679.948680 6019.391290 -3.168057 -0.515854 4.238108
3322B_2010_321_09_0302_RGB -30224.545540 -3696581.401690 6021.367230 0.797565 -0.450574 3.957557
3322B_2010_321_09_0303_RGB -28685.472890 -3696528.551690 6017.639340 3.703050 -0.109607 1.569623
3322B_2010_321_09_0304_RGB -27149.338440 -3696526.695950 6020.338760 1.138557 -0.461625 0.909563
3322B_2010_321_09_0305_RGB -25611.628630 -3696521.674210 6019.001550 0.601923 0.029577 0.995993
3322B_2010_321_09_0306_RGB -24077.633770 -3696528.794610 6017.463180 2.144636 -0.043316 -0.156145
3322B_2010_321_09_0307_RGB -22544.328810 -3696575.532590 6019.560180 2.014381 -0.502707 -1.574642
3322B_2010_321_09_0308_RGB -21008.260100 -3696624.925940 6018.464550 -1.375325 -0.504977 -0.543505
3322B_2010_321_09_0309_RGB -19471.680240 -3696635.897530 6019.207620 -1.703868 -0.558625 0.738191
3322B_2010_321_09_0310_RGB -17935.878160 -3696625.939870 6019.325980 -0.643371 -0.495231 1.247304
3322B_2010_321_09_0311_RGB -16398.845080 -3696616.099720 6018.698880 0.569674 -0.156319 0.845926
3322B_2010_321_09_0312_RGB -14863.742300 -3696627.686680 6016.592570 1.072313 0.060602 -0.066983
3322B_2010_321_09_0313_RGB -13328.180630 -3696649.874270 6016.345460 0.473239 -0.491752 -0.081085
3322B_2010_321_09_0314_RGB -11790.511140 -3696662.271890 6018.299400 -1.267717 -1.091477 0.962199
3322B_2010_321_09_0315_RGB -10255.622500 -3696635.682010 6016.464830 -1.392313 -0.857383 2.085911
3322B_2010_321_09_0316_RGB -8719.235640 -3696587.471460 6018.726640 -0.115969 -0.761897 2.550712
3322B_2010_321_09_0317_RGB -7183.269020 -3696553.820060 6016.903190 0.841435 -0.511940 1.630178
3322B_2010_321_09_0318_RGB -5647.656780 -3696541.645250 6019.702730 1.190210 -0.533022 0.929534
3322B_2010_321_09_0319_RGB -4112.088660 -3696561.804060 6017.890850 1.913391 -0.325235 -0.602762
3322B_2010_321_09_0320_RGB -2574.846370 -3696613.389940 6019.285410 1.441939 -0.473690 -1.375324
3322B_2010_321_09_0321_RGB -1039.054300 -3696661.867200 6017.804090 -1.262836 -0.578772 -0.394379
3322B_2010_321_09_0322_RGB 495.426340 -3696661.864660 6019.544110 -2.233039 -0.811736 1.520430
3322B_2010_321_09_0323_RGB 2032.540120 -3696618.268450 6018.808670 -1.476002 -0.417499 2.647547
3322B_2010_321_09_0324_RGB 3568.187530 -3696558.769440 6020.012320 0.005928 -0.272393 2.886657
3322B_2010_321_10_0325_RGB -50166.126960 -3701282.249130 6068.026910 -1.037293 0.156519 1.510601
3322B_2010_321_10_0326_RGB -48633.959330 -3701233.897540 6070.406070 -0.273268 -0.439052 2.985618
3322B_2010_321_10_0327_RGB -47095.913690 -3701191.009820 6069.177230 1.608132 -0.128984 1.961472
3322B_2010_321_10_0328_RGB -45560.800000 -3701189.582970 6069.052790 2.363956 0.026834 -0.176567
3322B_2010_321_10_0329_RGB -44027.149840 -3701235.974830 6069.296520 1.422334 -0.085902 -1.524097
3322B_2010_321_10_0330_RGB -42491.729340 -3701292.313650 6069.415850 -0.959469 -0.247929 -0.628763
3322B_2010_321_10_0331_RGB -40953.632680 -3701307.627250 6068.940620 -0.858103 -0.060776 0.302928
3322B_2010_321_10_0332_RGB -39419.138330 -3701308.142560 6069.390950 -0.576963 -0.151218 0.717198
3322B_2010_321_10_0333_RGB -37884.330140 -3701291.077670 6069.948470 -0.965665 -0.231313 1.506312
3322B_2010_321_10_0334_RGB -36348.764610 -3701263.911780 6068.866270 -0.048485 -0.249847 1.600196
3322B_2010_321_10_0335_RGB -34811.519950 -3701251.971150 6070.155660 1.466461 -0.205989 0.543705
3322B_2010_321_10_0336_RGB -33275.636370 -3701272.332060 6068.379180 0.762274 -0.179656 -0.291453
3322B_2010_321_10_0337_RGB -31740.209630 -3701279.925830 6068.758130 -1.651749 -0.306732 1.334326
3322B_2010_321_10_0338_RGB -30204.479360 -3701234.239490 6068.950020 -1.163164 -0.488484 2.969900
3322B_2010_321_10_0339_RGB -28667.507860 -3701184.200260 6067.947970 1.030838 -0.226457 1.924504
3322B_2010_321_10_0340_RGB -27132.609050 -3701170.264620 6069.505560 1.382129 -0.145946 0.480518
3322B_2010_321_10_0341_RGB -25596.626260 -3701179.573740 6068.172980 0.392000 -0.099267 0.336586
3322B_2010_321_10_0342_RGB -24059.389280 -3701182.963950 6068.748480 -0.313573 -0.251778 0.807666
3322B_2010_321_10_0343_RGB -22523.102650 -3701181.471280 6068.854270 1.120023 -0.153147 0.146757
3322B_2010_321_10_0344_RGB -20987.860080 -3701215.492160 6068.325640 1.255691 -0.157099 -1.148410
3322B_2010_321_10_0345_RGB -19451.250500 -3701263.066600 6066.956500 -0.839334 -0.162783 -0.624456
3322B_2010_321_10_0346_RGB -17915.559810 -3701268.670890 6068.545530 -1.560445 -0.364592 1.242963
3322B_2010_321_10_0347_RGB -16380.594320 -3701246.580810 6067.554320 -0.173132 -0.081201 1.520738
3322B_2010_321_10_0348_RGB -14844.636970 -3701232.103840 6067.543650 1.133297 -0.159833 0.692021
3322B_2010_321_10_0349_RGB -13309.243470 -3701255.937790 6067.857950 1.387300 -0.345413 -0.679951
3322B_2010_321_10_0350_RGB -11772.358460 -3701290.569630 6068.370570 -0.715215 -0.273467 -0.059492
3322B_2010_321_10_0351_RGB -10236.279810 -3701284.487450 6068.036220 -1.699462 -0.325364 1.693952
3322B_2010_321_10_0352_RGB -8702.123280 -3701242.195720 6068.333300 -0.199415 -0.426493 2.378976
3322B_2010_321_10_0353_RGB -7165.457730 -3701230.620240 6068.095000 1.838343 -0.301749 0.101668
3322B_2010_321_10_0354_RGB -5628.400270 -3701257.052080 6070.273500 0.300405 -0.144237 -0.382919
3322B_2010_321_10_0355_RGB -4093.400520 -3701262.366680 6069.172630 -1.442505 -0.125915 1.293988
3322B_2010_321_10_0356_RGB -2557.462390 -3701228.670500 6068.098000 -0.749846 -0.367472 2.266513
3322B_2010_321_10_0357_RGB -1017.025370 -3701189.838390 6066.965870 1.277733 -0.255417 1.441051
3322B_2010_321_10_0358_RGB 515.678000 -3701195.432740 6068.973190 1.377277 -0.189731 -0.137822
3322B_2010_321_10_0359_RGB 2054.431400 -3701223.543480 6067.714550 0.733195 -0.330183 -0.610378
3322B_2010_321_10_0360_RGB 3590.781300 -3701258.815930 6068.174950 0.193730 -0.265475 -0.557078
3322B_2010_321_11_0361_RGB 3580.080570 -3706421.605430 5597.674030 3.408656 0.175373 -178.482859
3322B_2010_321_11_0362_RGB 2044.500570 -3706466.469210 5598.181130 -1.168127 0.400389 -177.756148
3322B_2010_321_11_0363_RGB 508.714210 -3706493.069520 5597.283130 -0.855263 0.642620 -178.592404
3322B_2010_321_11_0364_RGB -1026.007410 -3706519.560790 5597.208710 0.172375 0.344220 -178.483206
3322B_2010_321_11_0365_RGB -2565.523670 -3706515.380040 5595.863640 -1.500713 0.284745 179.856878
3322B_2010_321_11_0366_RGB -4097.181660 -3706496.626340 5596.849010 0.349694 0.235300 -179.823126
3322B_2010_321_11_0367_RGB -5633.303660 -3706500.702520 5596.755960 0.094709 0.160226 -179.160730
3322B_2010_321_11_0368_RGB -7173.208500 -3706499.968070 5597.980970 -0.721187 0.250167 -179.738415
3322B_2010_321_11_0369_RGB -8709.834260 -3706471.266010 5598.427390 0.057825 0.073144 179.625693
3322B_2010_321_11_0370_RGB -10243.289090 -3706435.196910 5595.472650 -0.349356 -0.113105 179.082938
3322B_2010_321_11_0371_RGB -11777.547270 -3706392.997250 5598.986340 -0.266640 0.385682 178.953331
3322B_2010_321_11_0372_RGB -13312.787080 -3706371.341690 5595.290860 1.135779 0.127088 -179.510832
3322B_2010_321_11_0373_RGB -14849.817590 -3706388.739260 5595.208990 0.748589 0.200976 -178.269669
3322B_2010_321_11_0374_RGB -16386.107870 -3706422.525650 5597.875360 0.449122 0.374033 -177.867500
3322B_2010_321_11_0375_RGB -17920.986160 -3706456.321030 5596.246470 -1.066363 0.362215 -178.899698
3322B_2010_321_11_0376_RGB -19457.725100 -3706453.855860 5593.461910 -0.475978 0.240072 -179.784761
3322B_2010_321_11_0377_RGB -20992.659770 -3706455.803130 5597.397130 0.159493 0.417530 -179.231290
3322B_2010_321_11_0378_RGB -22528.526040 -3706456.433690 5597.107820 -1.245643 0.418602 179.874240
3322B_2010_321_11_0379_RGB -24065.756100 -3706422.091390 5595.940250 -0.400367 0.300986 179.190914
3322B_2010_321_11_0380_RGB -25602.282190 -3706387.116800 5596.454430 0.853150 -0.109643 179.778966
3322B_2010_321_11_0381_RGB -27137.597350 -3706386.211550 5598.521130 0.418767 -0.186879 -179.249483
3322B_2010_321_11_0382_RGB -28672.585930 -3706384.051610 5596.437200 -0.239455 0.108957 -179.585560
3322B_2010_321_11_0383_RGB -30208.809420 -3706390.669380 5596.097880 0.991187 -0.157886 -178.400239
3322B_2010_321_11_0384_RGB -31745.544920 -3706416.020370 5600.209870 -0.448027 -0.003086 -178.559339
3322B_2010_321_11_0385_RGB -33281.349400 -3706425.377740 5596.516080 -0.399901 0.078917 -179.030368
3322B_2010_321_11_0386_RGB -34817.679150 -3706435.497380 5596.568800 0.135037 0.325542 -178.878823
3322B_2010_321_11_0387_RGB -36354.915750 -3706446.762210 5597.402130 -0.599257 0.193106 -179.072521
3322B_2010_321_11_0388_RGB -37889.405680 -3706452.508850 5596.657630 0.122646 0.184931 -179.146714
3322B_2010_321_11_0389_RGB -39424.519300 -3706469.163180 5596.594110 0.060845 0.599242 -178.717842
3322B_2010_321_11_0390_RGB -40961.897360 -3706471.207100 5596.382150 -0.592920 0.310311 -179.622539
3322B_2010_321_11_0391_RGB -42496.850660 -3706482.841760 5598.188930 0.399594 -0.018948 -178.638289
3322B_2010_321_11_0392_RGB -44032.944330 -3706476.529930 5595.701170 -1.680126 -0.078686 179.424163
3322B_2010_321_11_0393_RGB -45568.434420 -3706418.728250 5596.717800 -0.008489 0.490372 178.325882
3322B_2010_321_11_0394_RGB -47105.110880 -3706395.458970 5595.058630 1.256578 0.570998 -179.543048
3322B_2010_321_11_0395_RGB -48644.229170 -3706392.135010 5596.258900 -0.671306 0.508333 -179.846018
3322B_2010_321_11_0396_RGB -50176.951510 -3706382.996100 5596.476840 0.428208 -0.008915 -179.433145
3322B_2010_321_12_0397_RGB -46480.069370 -3710816.736530 5927.113140 0.595021 -1.930368 90.685693
3322B_2010_321_12_0398_RGB -46491.340130 -3709284.821940 5925.039210 0.318411 0.206455 90.553586
3322B_2010_321_12_0399_RGB -46476.752150 -3707747.891210 5927.066420 0.382086 0.153137 89.930647
3322B_2010_321_12_0400_RGB -46463.662990 -3706209.444040 5925.834360 0.344026 -0.201077 90.049147
3322B_2010_321_12_0401_RGB -46462.376150 -3704673.605880 5925.418760 0.260734 -0.301519 90.690351
3322B_2010_321_12_0402_RGB -46462.968170 -3703138.194570 5926.279670 0.337881 0.416351 90.422592
3322B_2010_321_12_0403_RGB -46461.213630 -3701602.655780 5926.086820 0.367659 -0.395927 90.680518
3322B_2010_321_12_0404_RGB -46468.314960 -3700068.250090 5925.897710 0.406140 0.012269 90.844495
3322B_2010_321_12_0405_RGB -46480.743290 -3698531.364860 5925.288970 0.261914 0.116082 91.080908
3322B_2010_321_12_0406_RGB -46485.920000 -3697764.030120 5926.120620 0.386305 0.290976 90.961083
3322B_2010_321_12_0407_RGB -46494.085530 -3696996.615690 5924.978720 0.386373 -0.513374 91.477954
3322B_2010_321_12_0408_RGB -46525.586720 -3695461.038330 5925.345580 0.361615 -0.064239 91.841234
3322B_2010_321_12_0409_RGB -46555.860970 -3693925.065230 5924.144700 0.399353 0.282872 91.603289
3322B_2010_321_12_0410_RGB -46592.017770 -3692389.720020 5925.823040 0.338649 -0.237844 92.076432
3322B_2010_321_12_0411_RGB -46632.204320 -3690854.091300 5923.372940 -0.082812 0.623761 91.698555
3322B_2010_321_12_0412_RGB -46631.305430 -3689317.223410 5924.633330 0.231006 1.791713 89.699724
3322B_2010_321_12_0413_RGB -46603.643020 -3687781.744980 5924.608050 0.370083 0.033082 89.729564
3322B_2010_321_12_0414_RGB -46581.073600 -3686244.676570 5922.761490 0.280582 -0.037970 89.830714
3322B_2010_321_12_0415_RGB -46558.397310 -3684708.804030 5925.018460 0.429909 -0.007363 89.677530
3322B_2010_321_12_0416_RGB -46547.842850 -3683173.565510 5923.372800 0.459907 -0.621884 90.368142
3322B_2010_321_12_0417_RGB -46556.739190 -3681638.002840 5923.362750 0.180783 -0.386373 91.076584
3322B_2010_321_12_0418_RGB -46580.488660 -3680100.948910 5925.044170 0.204149 -0.343310 91.702465
3322B_2010_321_12_0419_RGB -46619.345380 -3678565.927340 5923.344470 0.148793 -0.277561 92.252601
3322B_2010_321_12_0420_RGB -46658.525000 -3677028.641100 5923.760090 0.000747 0.723266 91.635087
3322B_2010_321_12_0421_RGB -46686.155280 -3675494.035450 5922.324490 0.150421 -0.112553 91.713886
3322B_2010_321_12_0422_RGB -46713.643650 -3673957.698210 5925.735970 0.131038 0.406435 91.335514
3322B_2010_321_12_0423_RGB -46730.843650 -3672421.479620 5923.864600 0.241656 0.927323 90.670999
3322B_2010_321_12_0424_RGB -46726.550190 -3670885.898480 5921.004640 0.069133 0.459695 90.240437
3322B_2010_321_12_0425_RGB -46711.194410 -3669350.948060 5925.017760 0.441336 0.395788 89.851318
3322B_2010_321_12_0426_RGB -46688.562640 -3667813.920070 5922.054370 0.047201 0.287468 89.448121
3322B_2010_321_12_0427_RGB -46666.816120 -3666278.047920 5923.171720 0.137615 -0.201265 89.789649
3322B_2010_321_12_0428_RGB -46646.519200 -3664741.019380 5923.754640 0.214914 -0.046598 89.759600
3322B_2010_321_12_0429_RGB -46636.455660 -3663201.343980 5922.247120 0.205445 -0.674454 90.512713
3322B_2010_321_12_0430_RGB -46647.571070 -3661669.532850 5923.725520 0.456650 -0.297994 91.044214
3322B_2010_321_12_0431_RGB -46659.449610 -3660132.733480 5921.811700 0.280496 -0.005009 91.169045
3322B_2010_321_12_0432_RGB -46669.439140 -3658593.154680 5923.964540 0.525753 0.234666 90.828443
3322B_2010_321_12_0433_RGB -46674.892910 -3657058.159150 5920.738120 0.347787 0.078074 90.692637
3322B_2010_321_12_0434_RGB -46688.190640 -3655522.695740 5921.968780 0.191574 0.202223 90.894385
3322B_2010_321_12_0435_RGB -46703.330720 -3653987.718940 5923.418230 0.379062 -0.394245 91.203032
3322B_2010_321_12_0436_RGB -46731.790300 -3652453.836120 5921.813110 0.117362 0.367324 91.247744
3322B_2010_321_12_0437_RGB -46750.312980 -3650916.478330 5923.949830 0.253904 -0.042771 91.148001
3322B_2010_321_12_0438_RGB -46766.253390 -3649381.227290 5922.205820 0.215647 0.250329 91.030610
3322B_2010_321_13_0439_RGB 38.721010 -3711034.675000 5988.593740 0.133287 0.991296 92.461001
3322B_2010_321_13_0440_RGB -4.527270 -3709498.970420 5990.240630 0.029934 1.607335 92.309036
3322B_2010_321_13_0441_RGB -35.058980 -3707963.967640 5987.912410 -0.023883 1.926369 91.465275
3322B_2010_321_13_0442_RGB -47.933030 -3706427.631190 5987.790300 0.012694 0.710347 91.089947
3322B_2010_321_13_0443_RGB -55.286310 -3704891.386220 5990.608710 -0.067961 0.615535 90.749387
3322B_2010_321_13_0444_RGB -33.633650 -3703354.995020 5987.241110 -0.020077 1.667899 89.014184
3322B_2010_321_13_0445_RGB 4.715270 -3701819.836450 5989.158500 0.222892 -0.556177 89.686441
3322B_2010_321_13_0446_RGB 15.011620 -3700283.414420 5988.766240 0.207063 -0.690847 90.477442
3322B_2010_321_13_0447_RGB 12.188620 -3698748.269980 5988.128850 0.098053 0.197519 90.560895
3322B_2010_321_13_0448_RGB 23.904320 -3697212.342830 5987.820610 0.225152 0.549404 89.778733
3322B_2010_321_13_0449_RGB 43.749140 -3695675.416470 5987.603040 0.265425 -0.125269 89.974355
3322B_2010_321_13_0450_RGB 57.189440 -3694139.099510 5987.394660 0.323497 -0.025713 90.232207
3322B_2010_321_13_0451_RGB 48.140260 -3692603.989390 5986.732050 0.477820 -1.100021 91.690659
3322B_2010_321_13_0452_RGB 12.179230 -3691067.273600 5987.491150 0.355069 -0.252128 92.003703
3322B_2010_321_13_0453_RGB -30.698390 -3689527.505730 5986.790580 0.113898 0.249526 92.007859
3322B_2010_321_13_0454_RGB -64.662200 -3687992.162700 5987.197400 0.126849 0.612967 91.576363
3322B_2010_321_13_0455_RGB -88.697200 -3686456.147310 5987.138460 0.170063 0.305759 91.497440
3322B_2010_321_13_0456_RGB -86.186510 -3684921.111010 5987.299440 0.220512 1.834117 89.722321
3322B_2010_321_13_0457_RGB -46.581510 -3683386.936300 5987.219840 0.192590 0.426195 89.020337
3322B_2010_321_13_0458_RGB -23.092310 -3681847.853110 5987.576840 0.051760 -0.426078 89.990914
3322B_2010_321_13_0459_RGB -2.869000 -3680314.896620 5988.690080 0.025655 -0.000508 89.856721
3322B_2010_321_13_0460_RGB 19.436300 -3678778.721190 5988.798960 0.314520 0.050141 89.753920
3322B_2010_321_13_0461_RGB 37.985030 -3677241.703780 5987.498280 0.489740 -0.171671 89.990385
3322B_2010_321_13_0462_RGB 61.829230 -3675707.722110 5988.683350 0.332659 -0.215235 89.907672
3322B_2010_321_13_0463_RGB 73.614720 -3674172.232720 5987.544980 0.375306 -0.889015 90.593970
3322B_2010_321_13_0464_RGB 52.248230 -3672636.492800 5988.271310 0.442051 -0.676292 91.736417
3322B_2010_321_13_0465_RGB 23.732790 -3671099.187570 5989.965600 0.307354 0.325414 91.636772
3322B_2010_321_13_0466_RGB -1.762480 -3669564.088010 5987.881120 0.048760 0.297497 91.417422
3322B_2010_321_13_0467_RGB -23.717500 -3668028.068110 5989.226500 0.215344 -0.024135 91.540200
3322B_2010_321_13_0468_RGB -43.210940 -3666492.535460 5988.606260 0.129920 1.090870 90.930505
3322B_2010_321_13_0469_RGB -45.237100 -3664955.900820 5988.880490 0.242269 0.126303 90.765312
3322B_2010_321_13_0470_RGB -47.828250 -3663420.763810 5990.015720 0.176803 0.763315 90.278722
3322B_2010_321_13_0471_RGB -34.260870 -3661884.221560 5989.926650 0.190324 -0.015353 90.238040
3322B_2010_321_13_0472_RGB -19.400230 -3660347.686180 5990.926970 0.093775 0.543598 89.825310
3322B_2010_321_13_0473_RGB 1.485100 -3658813.675320 5991.203250 0.234911 -0.276846 89.928719
3322B_2010_321_13_0474_RGB 6.148770 -3657276.320370 5989.688760 0.233793 -0.429190 90.643306
3322B_2010_321_13_0475_RGB -10.188190 -3655740.168980 5992.016520 0.314622 -0.543262 91.450373
3322B_2010_321_13_0476_RGB -34.713680 -3654204.971330 5991.059980 0.151963 -0.071519 91.508753
3322B_2010_321_13_0477_RGB -54.162240 -3652668.887810 5989.370500 -0.056420 0.669291 91.113503
3322B_2010_321_13_0478_RGB -46.439900 -3651131.974020 5992.626060 0.052723 1.049437 89.997636
3322B_2010_321_13_0479_RGB -28.362220 -3649594.217190 5992.001930 0.213592 0.071106 90.050410
