3322D_2010_323_01_0001_RGB 2784.784910 -3709958.820580 5504.544490 -0.599256 -0.721043 -179.727514
3322D_2010_323_01_0002_RGB 1249.893210 -3709946.502180 5510.162860 0.409924 -0.703414 -179.579950
3322D_2010_323_01_0003_RGB -283.231220 -3709954.282680 5511.299200 0.239018 -0.567366 -178.725084
3322D_2010_323_01_0004_RGB -1819.248880 -3709968.195020 5510.255830 0.596062 -0.284193 -178.531979
3322D_2010_323_01_0005_RGB -3355.220700 -3709966.188590 5511.024310 -1.296007 0.100798 179.721428
3322D_2010_323_01_0006_RGB -4891.269650 -3709935.763100 5509.304760 -0.523398 -0.041157 179.358016
3322D_2010_323_01_0007_RGB -6426.430990 -3709902.516830 5510.256560 -0.188585 0.064503 179.491497
3322D_2010_323_01_0008_RGB -7962.491870 -3709869.349950 5509.704690 0.014977 0.212575 179.543632
3322D_2010_323_01_0009_RGB -9499.274410 -3709865.843620 5510.391920 1.110915 0.191906 -178.848531
3322D_2010_323_01_0010_RGB -11037.381650 -3709901.146930 5510.353630 0.478363 0.194472 -177.600267
3322D_2010_323_01_0011_RGB -12570.491480 -3709931.890100 5509.132190 -1.408665 0.229494 -178.912899
3322D_2010_323_01_0012_RGB -14107.527260 -3709918.595460 5509.150710 -0.839962 0.325803 179.966982
3322D_2010_323_01_0013_RGB -15647.458010 -3709898.387310 5508.648540 0.721250 0.149711 -179.506166
3322D_2010_323_01_0014_RGB -17183.520630 -3709918.604130 5510.297350 0.178523 0.336904 -178.425652
3322D_2010_323_01_0015_RGB -18716.917730 -3709921.945830 5508.844020 -0.843016 0.282486 -179.772783
3322D_2010_323_01_0016_RGB -20251.414260 -3709919.562050 5509.785970 0.438693 0.118174 -178.926074
3322D_2010_323_01_0017_RGB -21789.293500 -3709940.315360 5509.142670 0.118115 0.054224 -178.288063
3322D_2010_323_01_0018_RGB -23322.627600 -3709960.743360 5510.322190 -0.486754 0.292407 -178.613516
3322D_2010_323_01_0019_RGB -24859.168870 -3709963.881320 5509.004590 -0.491584 0.177049 -179.298436
3322D_2010_323_01_0020_RGB -26395.206190 -3709953.116380 5508.971620 -0.395032 0.125541 -179.790579
3322D_2010_323_01_0021_RGB -27931.099580 -3709938.864350 5509.377490 -0.208214 -0.069595 -179.857342
3322D_2010_323_01_0022_RGB -29466.012700 -3709947.348950 5509.146380 0.528752 -0.339341 -178.563271
3322D_2010_323_01_0023_RGB -31002.455410 -3709958.389350 5509.727230 0.021552 -0.184415 -178.806783
3322D_2010_323_01_0024_RGB -32539.177130 -3709972.533600 5510.735660 -0.224485 0.231503 -178.613662
3322D_2010_323_01_0025_RGB -34073.938540 -3709985.742510 5509.915800 0.056363 0.359194 -178.566180
3322D_2010_323_01_0026_RGB -35610.869550 -3709989.366630 5509.721560 -0.977485 0.901742 -179.662218
3322D_2010_323_01_0027_RGB -37145.611670 -3709975.194170 5509.190020 0.000035 0.537534 -179.831061
3322D_2010_323_01_0028_RGB -38682.064360 -3709965.046570 5509.613560 -0.110806 0.455351 -179.695560
3322D_2010_323_01_0029_RGB -40218.837800 -3709954.981920 5509.356370 0.590045 0.309172 -179.217367
3322D_2010_323_01_0030_RGB -41754.568230 -3709964.686190 5510.345620 0.657291 0.396093 -178.605189
3322D_2010_323_01_0031_RGB -43289.518280 -3709986.289020 5509.440330 -0.354354 -0.125422 -178.614395
3322D_2010_323_01_0032_RGB -44826.901770 -3709978.784810 5512.169580 -0.716888 -0.074990 -179.890375
3322D_2010_323_01_0033_RGB -46363.148000 -3709963.732860 5508.614390 -0.087672 -0.418458 -179.668534
3322D_2010_323_01_0034_RGB -47898.692800 -3709958.896850 5510.037780 0.298413 -0.577878 -179.089930
3322D_2010_323_01_0035_RGB -49435.178750 -3709953.436360 5511.116480 -0.178480 -0.168413 -179.661470
3322D_2010_323_02_0036_RGB -49422.180180 -3714654.923470 5608.972950 0.137991 -0.218681 0.516429
3322D_2010_323_02_0037_RGB -47886.983610 -3714652.458550 5606.629640 -0.807013 -0.304603 0.886115
3322D_2010_323_02_0038_RGB -46353.830860 -3714647.299750 5605.889400 -1.140593 -0.610090 0.967196
3322D_2010_323_02_0039_RGB -44818.627710 -3714637.723590 5607.027800 -0.525247 -0.683755 0.806937
3322D_2010_323_02_0040_RGB -43283.313820 -3714641.210790 5607.516510 0.166626 -0.732797 0.316443
3322D_2010_323_02_0041_RGB -41748.373880 -3714661.048740 5607.854440 0.519178 -0.784234 0.045734
3322D_2010_323_02_0042_RGB -40212.470490 -3714685.990330 5606.199890 -0.140776 -0.217769 0.061295
3322D_2010_323_02_0043_RGB -38677.181220 -3714701.937720 5608.056250 0.070861 -0.083648 0.222359
3322D_2010_323_02_0044_RGB -37141.373920 -3714726.389200 5608.143440 1.136989 0.006265 -0.511866
3322D_2010_323_02_0045_RGB -35604.404540 -3714757.087190 5607.141800 -0.446955 0.291262 -0.144618
3322D_2010_323_02_0046_RGB -34069.231060 -3714757.457920 5605.506130 -1.478878 0.140856 1.282180
3322D_2010_323_02_0047_RGB -32533.649770 -3714735.895660 5607.446830 -0.562082 -0.355423 1.708892
3322D_2010_323_02_0048_RGB -30997.951230 -3714709.308010 5615.076760 -0.272001 -0.775695 1.862447
3322D_2010_323_02_0049_RGB -29461.440950 -3714677.126700 5614.756650 0.193510 -0.207957 1.848433
3322D_2010_323_02_0050_RGB -27926.355750 -3714655.992730 5613.719450 0.198195 -0.393857 1.598499
3322D_2010_323_02_0051_RGB -26388.997610 -3714637.180580 5617.025260 0.879996 -0.442977 1.387808
3322D_2010_323_02_0052_RGB -24851.631100 -3714631.669520 5615.078100 0.294489 -0.247190 0.990707
3322D_2010_323_02_0053_RGB -23315.835770 -3714614.012650 5616.580280 -0.627070 -0.217478 1.712870
3322D_2010_323_02_0054_RGB -21775.064840 -3714592.524890 5615.332330 0.378400 0.110344 1.505504
3322D_2010_323_02_0055_RGB -20243.374370 -3714586.512310 5617.313270 1.069064 -0.018177 0.644231
3322D_2010_323_02_0056_RGB -18707.005730 -3714604.679520 5615.908060 1.073345 0.127154 -0.190151
3322D_2010_323_02_0057_RGB -17167.984420 -3714631.876410 5617.646200 -0.206956 -0.126178 -0.043951
3322D_2010_323_02_0058_RGB -15636.926110 -3714642.350590 5615.862050 -0.911062 -0.026379 0.796473
3322D_2010_323_02_0059_RGB -14101.049520 -3714638.429160 5615.651870 0.129201 -0.029684 0.833043
3322D_2010_323_02_0060_RGB -12560.658970 -3714641.580240 5615.232910 -0.043863 -0.245156 0.710253
3322D_2010_323_02_0061_RGB -11016.348620 -3714638.139050 5615.656530 -0.628203 -0.498970 1.143394
3322D_2010_323_02_0062_RGB -9489.282720 -3714622.640320 5616.819990 -0.108537 -0.500837 1.350273
3322D_2010_323_02_0063_RGB -7950.892020 -3714614.721250 5615.293890 0.682354 -0.316457 0.833529
3322D_2010_323_02_0064_RGB -6419.690410 -3714617.023470 5616.838770 0.575265 -0.459423 0.627719
3322D_2010_323_02_0065_RGB -4883.312410 -3714628.106650 5615.875470 0.518001 -0.362767 0.307750
3322D_2010_323_02_0066_RGB -3343.943660 -3714644.775820 5616.111450 0.094807 -0.220230 0.143093
3322D_2010_323_02_0067_RGB -1811.086440 -3714652.843860 5616.564140 -0.390784 -0.277566 0.689123
3322D_2010_323_02_0068_RGB -277.103520 -3714646.549440 5616.008230 -0.545476 -0.167281 1.159898
3322D_2010_323_02_0069_RGB 1258.840890 -3714638.230160 5616.304120 0.420927 -0.053366 0.926780
3322D_2010_323_02_0070_RGB 2797.073180 -3714643.177970 5616.609670 0.866520 -0.054749 0.317659
3322D_2010_323_03_0071_RGB 2787.446520 -3719513.549700 5947.948050 -0.515253 0.108971 -179.193400
3322D_2010_323_03_0072_RGB 1250.577710 -3719528.901170 5947.564000 0.049321 0.042037 -179.218224
3322D_2010_323_03_0073_RGB -285.430810 -3719546.987330 5947.354010 0.505530 0.210045 -178.786493
3322D_2010_323_03_0074_RGB -1820.349120 -3719582.215150 5947.495540 -0.678077 0.137242 -178.679042
3322D_2010_323_03_0075_RGB -3354.217700 -3719591.909790 5947.189450 -0.456539 0.133227 -179.444056
3322D_2010_323_03_0076_RGB -4892.460920 -3719597.887680 5945.474810 0.068957 0.043095 -179.480294
3322D_2010_323_03_0077_RGB -6427.270710 -3719607.953080 5946.343200 0.002220 0.008753 -179.228612
3322D_2010_323_03_0078_RGB -7194.715560 -3719614.775770 5946.048490 -0.243601 -0.012922 -179.220658
3322D_2010_323_03_0079_RGB -7961.508630 -3719617.944120 5947.076230 0.048244 0.008408 -179.415035
3322D_2010_323_03_0080_RGB -9497.743520 -3719621.855430 5946.221650 -0.261459 0.233552 -179.746026
3322D_2010_323_03_0081_RGB -11033.780930 -3719622.319000 5945.980330 -0.016767 0.313551 -179.760685
3322D_2010_323_03_0082_RGB -12570.295530 -3719622.559230 5947.036490 -0.413531 0.380557 -179.833526
3322D_2010_323_03_0083_RGB -14106.316120 -3719613.309100 5946.773550 -0.158440 0.272188 179.940706
3322D_2010_323_03_0084_RGB -15642.098030 -3719602.791640 5947.992020 -0.381096 0.386051 179.580518
3322D_2010_323_03_0085_RGB -17176.789850 -3719591.157820 5945.780750 -0.141550 0.305937 179.719282
3322D_2010_323_03_0086_RGB -18713.076210 -3719576.435540 5946.013750 -0.185907 0.300040 179.588421
3322D_2010_323_03_0087_RGB -20249.662360 -3719568.085190 5946.827650 -0.135799 0.207851 179.948444
3322D_2010_323_03_0088_RGB -21786.524360 -3719560.967290 5946.081500 0.730043 0.129647 -179.630523
3322D_2010_323_03_0089_RGB -23321.352880 -3719581.115940 5946.218880 0.144737 -0.104647 -178.929902
3322D_2010_323_03_0090_RGB -24857.684930 -3719600.049740 5946.074460 0.017056 -0.126714 -179.033015
3322D_2010_323_03_0091_RGB -26393.517460 -3719596.845830 5946.586640 -1.104743 -0.020861 179.542193
3322D_2010_323_03_0092_RGB -27930.183780 -3719583.186580 5947.892680 0.338412 0.189818 -179.814276
3322D_2010_323_03_0093_RGB -29466.404900 -3719584.730890 5946.487800 -0.168950 0.432363 -179.626959
3322D_2010_323_03_0094_RGB -31001.054090 -3719596.293200 5945.510120 0.933648 0.451095 -178.750384
3322D_2010_323_03_0095_RGB -32537.180490 -3719621.998000 5946.851530 -0.175186 0.529528 -179.153532
3322D_2010_323_03_0096_RGB -34074.087060 -3719638.481930 5945.541670 -0.819524 0.391567 -179.542312
3322D_2010_323_03_0097_RGB -35609.916200 -3719630.706230 5945.491910 -0.706824 0.479669 179.647241
3322D_2010_323_03_0098_RGB -37145.265960 -3719627.131070 5945.219390 0.725948 0.086999 -179.439090
3322D_2010_323_03_0099_RGB -38681.707830 -3719645.002670 5946.153940 -0.702345 -0.058660 -179.574312
3322D_2010_323_03_0100_RGB -40218.252190 -3719646.504660 5946.685230 -0.209943 -0.075656 -179.658677
3322D_2010_323_03_0101_RGB -41757.414440 -3719648.311900 5946.048910 -0.392318 0.012126 179.978565
3322D_2010_323_03_0102_RGB -43290.060810 -3719644.116390 5945.713650 0.209766 0.139632 -179.743412
3322D_2010_323_03_0103_RGB -44825.951150 -3719650.350020 5944.778330 -0.068767 0.152651 -179.643292
3322D_2010_323_03_0104_RGB -46364.781450 -3719652.822970 5945.623760 0.489819 0.616559 -179.503212
3322D_2010_323_03_0105_RGB -47900.726120 -3719670.031160 5948.332300 -0.362703 0.576904 -179.348656
3322D_2010_323_03_0106_RGB -49436.800490 -3719656.844830 5947.237670 -0.825290 0.562815 179.214114
3322D_2010_323_04_0107_RGB -49424.449420 -3723723.967470 5946.807850 1.244983 -0.281970 0.210849
3322D_2010_323_04_0108_RGB -47888.328330 -3723746.434410 5945.267890 0.957714 -0.318019 -0.516833
3322D_2010_323_04_0109_RGB -46353.090040 -3723780.093830 5945.924750 -0.752246 -0.648333 -0.397506
3322D_2010_323_04_0110_RGB -44818.997880 -3723789.582000 5945.187770 -1.397969 -0.595223 0.553398
3322D_2010_323_04_0111_RGB -43282.934040 -3723792.714620 5945.576990 -0.320397 -0.396936 0.342370
3322D_2010_323_04_0112_RGB -41745.966730 -3723801.412390 5945.064540 0.005123 -0.357886 0.185906
3322D_2010_323_04_0113_RGB -40210.460690 -3723801.715150 5946.973710 -0.556668 -0.483062 0.743958
3322D_2010_323_04_0114_RGB -38674.644710 -3723796.916310 5945.655230 -0.076760 -0.364659 0.948903
3322D_2010_323_04_0115_RGB -37138.543640 -3723796.841680 5944.637500 0.787374 -0.139148 0.526446
3322D_2010_323_04_0116_RGB -35603.077730 -3723815.466110 5946.801670 1.094074 -0.153484 -0.341524
3322D_2010_323_04_0117_RGB -34066.678650 -3723843.491940 5946.012730 0.015976 -0.208608 -0.305835
3322D_2010_323_04_0118_RGB -32530.993680 -3723855.196230 5945.375060 -0.921458 -0.175248 0.675705
3322D_2010_323_04_0119_RGB -30990.841070 -3723855.122050 5946.065880 0.352316 -0.080056 0.586587
3322D_2010_323_04_0120_RGB -29460.869670 -3723871.219030 5944.709380 0.962871 0.066026 -0.187522
3322D_2010_323_04_0121_RGB -27918.415910 -3723882.603200 5944.383200 -1.599600 -0.191959 0.916563
3322D_2010_323_04_0122_RGB -26386.726260 -3723853.726860 5944.486190 -1.514422 -0.509830 2.324911
3322D_2010_323_04_0123_RGB -24847.959840 -3723803.117470 5944.645400 -0.621985 -0.563576 2.742860
3322D_2010_323_04_0124_RGB -23312.499890 -3723749.911670 5944.433590 1.143147 -0.340142 2.182597
3322D_2010_323_04_0125_RGB -22542.214870 -3723738.183670 5944.562660 2.198173 -0.307940 1.196610
3322D_2010_323_04_0126_RGB -21771.523810 -3723736.363750 5944.464510 1.774287 -0.288004 0.638017
3322D_2010_323_04_0127_RGB -21006.373790 -3723739.191200 5944.754770 1.173899 -0.390071 0.375658
3322D_2010_323_04_0128_RGB -20240.258270 -3723743.485550 5945.162000 0.793490 -0.457858 0.254472
3322D_2010_323_04_0129_RGB -19473.114340 -3723747.938300 5944.389630 0.477801 -0.380334 0.367506
3322D_2010_323_04_0130_RGB -18706.359830 -3723750.776510 5945.125070 0.125396 -0.412659 0.454016
3322D_2010_323_04_0131_RGB -17165.893250 -3723742.093750 5945.662960 -0.695864 -0.319665 1.403701
3322D_2010_323_04_0132_RGB -15634.586820 -3723718.048390 5946.419510 -0.573295 -0.276968 1.696139
3322D_2010_323_04_0133_RGB -14098.648440 -3723682.677500 5944.603520 -0.497310 -0.007415 2.079506
3322D_2010_323_04_0134_RGB -13331.050820 -3723669.006650 5942.899250 1.135040 0.174378 1.279863
3322D_2010_323_04_0135_RGB -12564.225470 -3723668.606490 5944.051940 2.201808 0.066804 0.362393
3322D_2010_323_04_0136_RGB -11795.451940 -3723678.520550 5944.997880 1.863909 -0.079885 -0.144940
3322D_2010_323_04_0137_RGB -11027.354580 -3723695.363560 5943.359110 1.906429 -0.036142 -0.808406
3322D_2010_323_04_0138_RGB -10259.251270 -3723719.149520 5943.840680 1.564724 -0.203069 -1.274792
3322D_2010_323_04_0139_RGB -9492.137540 -3723746.127640 5945.619230 1.007018 -0.409616 -1.442400
3322D_2010_323_04_0140_RGB -8723.525150 -3723771.796990 5942.659500 0.075392 -0.278494 -1.059531
3322D_2010_323_04_0141_RGB -7954.409880 -3723794.734170 5943.232350 0.087715 -0.392528 -1.092227
3322D_2010_323_04_0142_RGB -6418.519100 -3723834.468460 5945.327700 -0.562032 -0.456769 -0.655140
3322D_2010_323_04_0143_RGB -4882.494980 -3723860.386250 5945.974580 -0.725304 -0.302851 -0.193219
3322D_2010_323_04_0144_RGB -3346.913520 -3723868.256600 5945.496650 -1.290588 -0.123196 0.620446
3322D_2010_323_04_0145_RGB -1811.129210 -3723853.343260 5944.976320 -1.120594 -0.167727 1.339199
3322D_2010_323_04_0146_RGB -275.203990 -3723823.394060 5946.248010 -0.312668 -0.190729 1.844276
3322D_2010_323_04_0147_RGB 1260.883660 -3723800.959750 5946.050990 1.063018 -0.114669 1.226772
3322D_2010_323_04_0148_RGB 2795.115010 -3723806.735730 5947.143520 2.075475 -0.105292 -0.253751
3322D_2010_323_05_0149_RGB 2788.166310 -3728279.704040 5616.561630 -0.235414 0.260701 -179.362532
3322D_2010_323_05_0150_RGB 1253.537020 -3728298.264400 5615.883740 0.546501 0.160888 -178.374351
3322D_2010_323_05_0151_RGB -280.156380 -3728314.661290 5615.662370 -1.353745 0.185562 -179.484019
3322D_2010_323_05_0152_RGB -1816.426150 -3728303.754230 5616.615310 -0.445246 0.193219 179.935813
3322D_2010_323_05_0153_RGB -3352.378260 -3728297.672460 5615.386130 0.344018 0.237253 -179.645088
3322D_2010_323_05_0154_RGB -4887.556540 -3728312.356400 5615.575790 0.089183 0.342273 -178.863612
3322D_2010_323_05_0155_RGB -6424.049310 -3728316.384680 5615.038870 -0.614802 0.384491 -179.779862
3322D_2010_323_05_0156_RGB -7961.217980 -3728314.842090 5614.986910 0.593284 0.308480 -179.230270
3322D_2010_323_05_0157_RGB -9497.061010 -3728343.843550 5614.914160 0.469337 0.292631 -178.395481
3322D_2010_323_05_0158_RGB -11032.648070 -3728378.362180 5615.548780 -1.257074 0.529444 -178.878150
3322D_2010_323_05_0159_RGB -12568.313670 -3728385.238750 5615.484450 -0.562917 0.526214 -179.470957
3322D_2010_323_05_0160_RGB -14104.763500 -3728377.066430 5614.091710 -0.305543 0.607208 -179.944360
3322D_2010_323_05_0161_RGB -15640.060470 -3728369.659280 5612.891520 -0.084641 0.409624 -179.836428
3322D_2010_323_05_0162_RGB -17177.860360 -3728362.095250 5613.961980 -0.078084 0.210775 179.970302
3322D_2010_323_05_0163_RGB -18712.404690 -3728355.692570 5615.473330 -0.291429 -0.059509 -179.995155
3322D_2010_323_05_0164_RGB -20248.654780 -3728334.695980 5615.633250 0.447337 -0.173464 179.958502
3322D_2010_323_05_0165_RGB -21784.474150 -3728318.206390 5616.264210 -0.754079 0.180325 179.401662
3322D_2010_323_05_0166_RGB -23320.846120 -3728286.411040 5616.406150 -0.267898 0.175744 179.238677
3322D_2010_323_05_0167_RGB -24857.034790 -3728259.003080 5616.212990 0.546563 0.482884 179.692183
3322D_2010_323_05_0168_RGB -26392.285820 -3728258.115460 5615.365550 0.329522 0.769915 -179.524947
3322D_2010_323_05_0169_RGB -27928.369790 -3728273.599910 5615.768800 0.571511 0.538551 -178.715886
3322D_2010_323_05_0170_RGB -29464.318330 -3728299.642310 5614.825000 -0.173575 0.431923 -178.759691
3322D_2010_323_05_0171_RGB -31000.496180 -3728323.758330 5615.283960 -0.068547 0.193335 -178.614865
3322D_2010_323_05_0172_RGB -32537.027310 -3728328.406050 5616.233080 -0.700573 0.087035 -179.874938
3322D_2010_323_05_0173_RGB -34072.940590 -3728325.925710 5615.565210 -0.214339 0.177521 -179.711528
3322D_2010_323_05_0174_RGB -35612.595690 -3728314.432290 5616.658820 -0.720146 0.343336 179.662252
3322D_2010_323_05_0175_RGB -37143.467950 -3728299.394040 5616.637180 -0.125153 0.113292 179.827084
3322D_2010_323_05_0176_RGB -38680.236880 -3728279.140900 5614.551050 -0.156793 0.066984 179.524354
3322D_2010_323_05_0177_RGB -40220.028890 -3728264.478770 5615.103200 0.784200 -0.108903 -179.713978
3322D_2010_323_05_0178_RGB -41755.989620 -3728277.252880 5616.404000 0.664816 -0.262771 -178.924253
3322D_2010_323_05_0179_RGB -43293.170410 -3728305.835630 5615.575180 0.141292 -0.043004 -178.422024
3322D_2010_323_05_0180_RGB -44825.766180 -3728331.466790 5614.836160 -0.417342 0.205480 -178.786228
3322D_2010_323_05_0181_RGB -46363.588710 -3728347.892300 5614.487010 -0.047240 0.044064 -178.921348
3322D_2010_323_05_0182_RGB -47898.804240 -3728364.859790 5615.862650 -0.492155 0.211442 -179.150927
3322D_2010_323_05_0183_RGB -49433.280520 -3728373.405580 5613.995720 0.007491 0.024832 -179.262435
3322D_2010_323_06_0184_RGB -49425.121050 -3733043.499230 5616.434200 -3.500740 -0.374580 -1.958327
3322D_2010_323_06_0185_RGB -47889.721380 -3733080.969950 5618.225610 -4.104952 -1.190983 -0.252866
3322D_2010_323_06_0186_RGB -46351.579430 -3733095.336370 5616.611280 -2.997142 -0.791418 0.199603
3322D_2010_323_06_0187_RGB -44817.362150 -3733105.158380 5614.780340 -2.241056 -0.501399 0.110400
3322D_2010_323_06_0188_RGB -43282.285260 -3733117.403140 5613.874920 -2.047424 -0.390737 0.269887
3322D_2010_323_06_0189_RGB -41746.805790 -3733128.725430 5613.889020 -0.422587 -0.302468 0.473204
3322D_2010_323_06_0190_RGB -40211.233550 -3733133.939490 5615.953350 -0.112449 -0.455719 0.572774
3322D_2010_323_06_0191_RGB -38675.792130 -3733131.685670 5614.655680 0.346520 -0.064478 0.713900
3322D_2010_323_06_0192_RGB -37138.981380 -3733133.708330 5613.506410 0.247126 0.101804 0.529771
3322D_2010_323_06_0193_RGB -35602.901390 -3733134.408640 5614.630350 -0.055526 -0.167257 0.669225
3322D_2010_323_06_0194_RGB -34062.706510 -3733136.075000 5615.175330 0.252403 -0.408979 0.590365
3322D_2010_323_06_0195_RGB -32526.262540 -3733141.761160 5615.709240 0.352703 -0.253006 0.289956
3322D_2010_323_06_0196_RGB -30990.218330 -3733152.713290 5614.380960 0.459694 -0.182740 0.174707
3322D_2010_323_06_0197_RGB -29451.771640 -3733156.111140 5615.322190 -0.213578 -0.237603 0.569772
3322D_2010_323_06_0198_RGB -27921.533510 -3733152.365400 5614.024950 -0.543006 -0.109029 1.003656
3322D_2010_323_06_0199_RGB -26383.608390 -3733133.485160 5614.437490 -0.806093 -0.399716 1.647579
3322D_2010_323_06_0200_RGB -24849.893470 -3733108.727840 5615.657350 0.051861 -0.319258 1.499582
3322D_2010_323_06_0201_RGB -23313.660540 -3733093.467930 5616.814300 0.475213 -0.229183 0.995819
3322D_2010_323_06_0202_RGB -21779.420370 -3733092.610120 5614.007260 1.076022 0.249059 0.437143
3322D_2010_323_06_0203_RGB -20244.262890 -3733113.127530 5614.435930 0.646222 0.021100 -0.266214
3322D_2010_323_06_0204_RGB -18705.405100 -3733136.724060 5614.374300 -0.002053 -0.345173 -0.160770
3322D_2010_323_06_0205_RGB -17170.196090 -3733146.858200 5612.031770 -0.451146 -0.148049 0.337374
3322D_2010_323_06_0206_RGB -15634.162950 -3733150.179740 5616.275120 -0.082843 -0.495196 0.391476
3322D_2010_323_06_0207_RGB -14099.435040 -3733147.893850 5617.869250 -0.239930 -0.761670 0.816829
3322D_2010_323_06_0208_RGB -12563.556330 -3733133.415590 5616.410110 -0.506773 -0.185343 1.361800
3322D_2010_323_06_0209_RGB -11026.954600 -3733114.570030 5614.508090 -0.259994 0.153543 1.389534
3322D_2010_323_06_0210_RGB -9491.661020 -3733091.258100 5617.971930 0.104385 -0.086143 1.570818
3322D_2010_323_06_0211_RGB -7954.908650 -3733070.230180 5616.190610 0.215619 0.103883 1.473042
3322D_2010_323_06_0212_RGB -6419.323680 -3733057.313820 5614.874440 0.565990 0.442710 0.846376
3322D_2010_323_06_0213_RGB -4880.927100 -3733047.940500 5615.622350 -0.120617 0.184807 1.162576
3322D_2010_323_06_0214_RGB -3345.728610 -3733034.423080 5616.286120 -0.101500 -0.125524 1.167719
3322D_2010_323_06_0215_RGB -1808.978180 -3733023.366380 5616.465420 0.669106 -0.158207 0.732430
3322D_2010_323_06_0216_RGB -274.017000 -3733029.762270 5616.618930 1.052478 -0.197316 0.117811
3322D_2010_323_06_0217_RGB 1262.284550 -3733053.003170 5616.914650 0.813839 -0.258103 -0.449314
3322D_2010_323_06_0218_RGB 2798.044820 -3733085.568050 5616.715880 0.299445 -0.272211 -0.654646
3322D_2010_323_07_0219_RGB 2791.430540 -3737952.773690 5615.928880 -0.422666 0.169455 -178.927678
3322D_2010_323_07_0220_RGB 1255.001780 -3737954.649810 5615.160610 -1.843849 0.339927 179.789144
3322D_2010_323_07_0221_RGB -279.765820 -3737936.513220 5616.396790 -0.821614 0.381941 179.814351
3322D_2010_323_07_0222_RGB -1815.514730 -3737922.986440 5616.267330 -1.095822 0.663312 179.621687
3322D_2010_323_07_0223_RGB -3352.296010 -3737897.400370 5616.269710 0.185488 0.619422 179.742958
3322D_2010_323_07_0224_RGB -4886.915990 -3737874.070940 5615.419090 -0.052034 0.726731 179.557116
3322D_2010_323_07_0225_RGB -6423.300300 -3737860.201920 5613.674080 -0.282153 0.853127 179.881348
3322D_2010_323_07_0226_RGB -7959.637060 -3737843.135280 5613.681850 0.534458 0.388395 -179.861181
3322D_2010_323_07_0227_RGB -9496.150250 -3737857.234350 5615.015070 -0.373610 0.136279 -179.156279
3322D_2010_323_07_0228_RGB -11032.394750 -3737859.093790 5615.319790 -0.651841 0.001206 -179.662512
3322D_2010_323_07_0229_RGB -12567.932740 -3737842.442540 5615.489230 -0.216601 -0.179354 179.761052
3322D_2010_323_07_0230_RGB -14104.372310 -3737827.259280 5616.972570 -0.033909 -0.066065 179.874011
3322D_2010_323_07_0231_RGB -15640.030070 -3737832.754270 5616.638660 0.674997 0.163923 -179.010409
3322D_2010_323_07_0232_RGB -17176.452540 -3737844.522750 5613.991910 -0.032609 0.316606 -179.218217
3322D_2010_323_07_0233_RGB -18713.062110 -3737869.266570 5613.141180 0.552667 0.291760 -178.409831
3322D_2010_323_07_0234_RGB -20248.300320 -3737903.407640 5613.369740 -0.318418 0.109032 -178.375784
3322D_2010_323_07_0235_RGB -21789.537870 -3737925.864680 5614.621680 -0.796778 -0.059316 -179.009957
3322D_2010_323_07_0236_RGB -23319.616650 -3737933.306070 5614.814340 -0.350506 -0.093583 -179.280867
3322D_2010_323_07_0237_RGB -24856.278440 -3737930.265400 5612.958710 -0.372251 -0.115065 -179.736281
3322D_2010_323_07_0238_RGB -26393.141820 -3737914.320010 5612.571360 -0.364284 -0.244279 179.657876
3322D_2010_323_07_0239_RGB -27932.674600 -3737905.479590 5614.183340 1.257873 -0.466430 -179.088099
3322D_2010_323_07_0240_RGB -29466.519840 -3737927.518360 5614.137120 -0.032236 -0.233603 -178.722753
3322D_2010_323_07_0241_RGB -31005.436930 -3737949.163360 5613.696490 0.113224 -0.085090 -178.631573
3322D_2010_323_07_0242_RGB -32540.465790 -3737964.531010 5614.146910 -0.925228 0.178857 -179.439758
3322D_2010_323_07_0243_RGB -34075.551510 -3737947.420900 5614.781080 -1.215287 0.156408 179.433314
3322D_2010_323_07_0244_RGB -35612.579900 -3737914.586120 5614.459550 0.396194 0.336439 179.515184
3322D_2010_323_07_0245_RGB -37145.829720 -3737918.921740 5614.793640 1.176654 0.788739 -178.705255
3322D_2010_323_07_0246_RGB -38680.909070 -3737958.248040 5612.946950 0.375127 1.214347 -178.071071
3322D_2010_323_07_0247_RGB -40217.709070 -3737986.535060 5610.843420 -0.937427 0.876087 -179.074833
3322D_2010_323_07_0248_RGB -41752.543440 -3737998.804980 5613.312560 -0.134663 0.502403 -178.881825
3322D_2010_323_07_0249_RGB -43288.952120 -3737996.792200 5615.538460 -0.445272 0.448056 -179.789954
3322D_2010_323_07_0250_RGB -44824.739920 -3737990.184010 5614.367180 -0.476220 0.275557 179.900520
3322D_2010_323_07_0251_RGB -46361.327840 -3737983.312790 5613.460400 0.599685 0.335721 -179.419231
3322D_2010_323_07_0252_RGB -47896.385000 -3738003.595040 5612.119310 0.383332 0.302481 -178.563646
3322D_2010_323_07_0253_RGB -49432.637400 -3738031.447640 5613.083820 -0.562841 0.285796 -178.777410
3322D_2010_323_08_0254_RGB -49425.676720 -3742747.506520 5690.166590 0.195976 0.246409 -0.278254
3322D_2010_323_08_0255_RGB -47885.883880 -3742776.879260 5691.315820 0.512790 -0.270780 -0.630036
3322D_2010_323_08_0256_RGB -46347.743430 -3742808.125480 5692.212770 -0.332671 -0.418118 -0.348400
3322D_2010_323_08_0257_RGB -44812.750460 -3742826.929880 5692.543220 -0.762600 -0.457726 0.251939
3322D_2010_323_08_0258_RGB -43280.841290 -3742832.483820 5694.260600 -0.390248 -0.361545 0.583447
3322D_2010_323_08_0259_RGB -41740.410210 -3742838.641930 5692.668880 0.204219 0.061059 0.354247
3322D_2010_323_08_0260_RGB -40203.117910 -3742857.279590 5692.007320 1.393220 0.350091 -0.374812
3322D_2010_323_08_0261_RGB -38669.034780 -3742884.237910 5691.068640 -0.947401 0.122294 0.112292
3322D_2010_323_08_0262_RGB -37135.771840 -3742885.231480 5690.396320 -0.895032 -0.077158 0.987623
3322D_2010_323_08_0263_RGB -35600.335810 -3742866.422000 5693.172520 -0.457295 -0.360417 1.501593
3322D_2010_323_08_0264_RGB -34066.074700 -3742847.203940 5692.104690 0.226444 -0.110505 1.356214
3322D_2010_323_08_0265_RGB -32528.730140 -3742841.011510 5691.571740 1.063829 0.055779 0.608216
3322D_2010_323_08_0266_RGB -30994.363930 -3742855.410960 5687.263930 0.300744 0.216828 0.102880
3322D_2010_323_08_0267_RGB -29458.788350 -3742858.713940 5690.892270 -0.528614 -0.561563 0.754352
3322D_2010_323_08_0268_RGB -27923.098880 -3742849.415520 5690.940710 -0.173726 -0.784088 1.134682
3322D_2010_323_08_0269_RGB -26387.057410 -3742832.202750 5691.795120 -0.273608 -0.764536 1.391671
3322D_2010_323_08_0270_RGB -24851.254830 -3742810.964260 5692.080760 0.106043 -0.474402 1.505576
3322D_2010_323_08_0271_RGB -23314.961880 -3742796.496630 5691.994880 0.238607 -0.478440 1.187507
3322D_2010_323_08_0272_RGB -21779.326820 -3742787.698610 5690.974960 0.372940 -0.194856 0.901231
3322D_2010_323_08_0273_RGB -20243.407500 -3742779.896440 5691.781280 -0.054137 -0.269446 0.926952
3322D_2010_323_08_0274_RGB -18707.085740 -3742767.895170 5692.027620 0.059160 -0.151270 1.073830
3322D_2010_323_08_0275_RGB -17168.848090 -3742759.680370 5691.236100 -0.003937 -0.032733 0.910411
3322D_2010_323_08_0276_RGB -15635.686250 -3742736.492640 5691.845160 -0.907502 -0.101332 1.829718
3322D_2010_323_08_0277_RGB -14099.209070 -3742699.384310 5692.644510 0.852696 -0.028489 1.716662
3322D_2010_323_08_0278_RGB -12561.857510 -3742690.807790 5690.928060 0.646807 0.098334 0.825277
3322D_2010_323_08_0279_RGB -11027.219050 -3742682.627200 5692.620480 0.192364 0.141287 0.905876
3322D_2010_323_08_0280_RGB -9491.202190 -3742681.478670 5690.341440 0.799796 0.143970 0.517062
3322D_2010_323_08_0281_RGB -7953.164480 -3742699.403440 5690.707000 1.218697 -0.051578 -0.385645
3322D_2010_323_08_0282_RGB -6417.437320 -3742727.004990 5691.393040 -0.083783 -0.401547 -0.339326
3322D_2010_323_08_0283_RGB -4881.651740 -3742741.493430 5691.330150 -0.717228 -0.538326 0.369421
3322D_2010_323_08_0284_RGB -3345.372480 -3742740.967010 5692.376920 -0.597540 -0.604950 0.857592
3322D_2010_323_08_0285_RGB -1809.541230 -3742730.741020 5692.004110 -0.167306 -0.480216 1.039057
3322D_2010_323_08_0286_RGB -273.109010 -3742721.024370 5692.463670 0.122776 -0.307401 0.991470
3322D_2010_323_08_0287_RGB 1263.007900 -3742717.179320 5692.100390 0.138336 -0.141287 0.685987
3322D_2010_323_08_0288_RGB 2798.776860 -3742708.765980 5690.911320 -0.333793 -0.100664 1.035841
3322D_2010_323_09_0289_RGB 2789.672040 -3747647.646940 5689.485790 -0.326543 0.265181 -178.879997
3322D_2010_323_09_0290_RGB 1255.497070 -3747651.340850 5688.688670 0.005795 0.240448 -179.392770
3322D_2010_323_09_0291_RGB -280.879490 -3747658.787110 5689.599270 -0.477134 0.155861 -179.552190
3322D_2010_323_09_0292_RGB -1816.090180 -3747663.744170 5689.980470 0.484103 0.088789 -178.963195
3322D_2010_323_09_0293_RGB -3352.543910 -3747671.846760 5689.163620 -0.310403 0.150552 -179.434010
3322D_2010_323_09_0294_RGB -4888.373860 -3747684.030310 5688.331950 0.265037 0.126828 -178.827489
3322D_2010_323_09_0295_RGB -6424.452930 -3747700.240720 5687.191920 -1.031564 0.142271 -179.344462
3322D_2010_323_09_0296_RGB -7960.684050 -3747686.188090 5686.945850 -0.362201 -0.085044 179.893137
3322D_2010_323_09_0297_RGB -9495.820160 -3747691.168960 5690.185580 0.528943 -0.137485 -179.043798
3322D_2010_323_09_0298_RGB -11032.400710 -3747695.492980 5689.315540 -0.003981 0.054458 -179.324501
3322D_2010_323_09_0299_RGB -12569.345750 -3747700.807360 5689.325490 0.158844 0.255592 -179.275618
3322D_2010_323_09_0300_RGB -14104.019860 -3747721.691820 5687.999400 -0.043630 0.423357 -178.744853
3322D_2010_323_09_0301_RGB -15640.655040 -3747720.849550 5687.400830 -0.691241 0.642101 -179.861406
3322D_2010_323_09_0302_RGB -17177.071790 -3747719.010790 5687.929520 0.452463 0.468913 -179.230986
3322D_2010_323_09_0303_RGB -18711.812180 -3747732.502290 5689.456760 -0.912936 0.752258 -179.385305
3322D_2010_323_09_0304_RGB -20247.986740 -3747727.617560 5687.747940 -0.402894 0.774412 -179.853140
3322D_2010_323_09_0305_RGB -21784.426780 -3747715.938960 5686.755550 0.144376 0.244140 -179.887390
3322D_2010_323_09_0306_RGB -23320.561390 -3747712.129670 5690.127510 -0.156469 0.124931 -179.656877
3322D_2010_323_09_0307_RGB -24860.203070 -3747710.842980 5689.100300 -0.294813 0.164193 -179.624278
3322D_2010_323_09_0308_RGB -26393.204030 -3747707.574290 5688.817840 0.129506 0.145749 -179.537635
3322D_2010_323_09_0309_RGB -27929.464680 -3747707.976460 5688.398290 -0.282014 0.213708 -179.622130
3322D_2010_323_09_0310_RGB -29468.815400 -3747697.462000 5688.446590 0.607249 -0.027637 -179.560369
3322D_2010_323_09_0311_RGB -31003.151760 -3747692.751800 5689.724100 -0.658150 0.184643 179.838987
3322D_2010_323_09_0312_RGB -32539.533410 -3747677.553960 5690.274800 0.050295 0.362216 179.989710
3322D_2010_323_09_0313_RGB -34072.264550 -3747682.036540 5688.916640 0.133219 0.279129 -179.095720
3322D_2010_323_09_0314_RGB -35610.117850 -3747697.925200 5689.115910 0.399522 0.466261 -178.658596
3322D_2010_323_09_0315_RGB -37144.614880 -3747730.333560 5687.343640 0.041397 0.230562 -178.250443
3322D_2010_323_09_0316_RGB -38680.546830 -3747740.061500 5686.340900 -0.407570 0.109302 -179.509921
3322D_2010_323_09_0317_RGB -40216.155930 -3747741.858490 5688.969970 -0.184965 -0.055814 -179.528582
3322D_2010_323_09_0318_RGB -41751.628500 -3747740.421120 5689.430810 -0.606187 -0.061057 -179.872321
3322D_2010_323_09_0319_RGB -43287.607760 -3747723.226300 5689.115910 -0.095640 0.089060 179.851775
3322D_2010_323_09_0320_RGB -44823.852230 -3747704.335680 5687.140740 -0.507775 0.343447 179.644049
3322D_2010_323_09_0321_RGB -46360.628110 -3747675.821530 5687.777440 0.111562 0.161826 179.522236
3322D_2010_323_09_0322_RGB -47897.080450 -3747648.584230 5688.989260 -0.389063 0.061713 179.226975
3322D_2010_323_09_0323_RGB -49432.278180 -3747605.102120 5689.327490 -0.585171 -0.004809 178.507178
3322D_2010_323_10_0324_RGB -49419.716000 -3752499.144600 5694.884090 -3.988697 -0.805479 -1.502746
3322D_2010_323_10_0325_RGB -47887.282320 -3752519.369550 5688.577540 -3.723894 -0.292685 0.282403
3322D_2010_323_10_0326_RGB -46352.176910 -3752520.774980 5687.063450 -2.300279 -0.537617 0.498033
3322D_2010_323_10_0327_RGB -44811.294880 -3752532.863680 5684.488590 -0.653642 -0.443455 -0.406217
3322D_2010_323_10_0328_RGB -43276.455750 -3752542.194310 5685.545510 -2.802631 -1.165943 0.442467
3322D_2010_323_10_0329_RGB -41740.964430 -3752531.909050 5686.933230 -2.028889 -0.966078 1.010525
3322D_2010_323_10_0330_RGB -40205.211620 -3752523.590320 5686.762830 -0.108281 -0.448423 0.961915
3322D_2010_323_10_0331_RGB -38669.384280 -3752512.697500 5687.615970 0.168789 -0.211647 1.008708
3322D_2010_323_10_0332_RGB -37136.203340 -3752508.589230 5686.616300 0.448935 -0.052635 0.578151
3322D_2010_323_10_0333_RGB -35598.225640 -3752508.355600 5684.790140 0.247982 -0.055240 0.591467
3322D_2010_323_10_0334_RGB -34065.598640 -3752514.878100 5686.265120 0.772146 -0.402237 0.193690
3322D_2010_323_10_0335_RGB -32529.264790 -3752521.675890 5687.208710 -0.490082 -0.527174 0.568848
3322D_2010_323_10_0336_RGB -30994.443320 -3752511.205980 5686.780710 -0.414760 -0.242698 1.249799
3322D_2010_323_10_0337_RGB -29456.550620 -3752492.641440 5686.305820 -0.190482 -0.192859 1.409296
3322D_2010_323_10_0338_RGB -27922.542510 -3752475.111060 5686.653370 0.592223 -0.197144 1.080903
3322D_2010_323_10_0339_RGB -26386.810530 -3752471.069320 5687.190240 0.977479 -0.265936 0.396937
3322D_2010_323_10_0340_RGB -24850.172960 -3752479.790240 5684.351610 0.368037 -0.087718 0.265768
3322D_2010_323_10_0341_RGB -23314.742320 -3752476.785810 5688.135980 -0.582086 -0.742929 0.963777
3322D_2010_323_10_0342_RGB -21778.815590 -3752458.931300 5684.425480 -0.299728 -0.243571 1.463094
3322D_2010_323_10_0343_RGB -20242.812960 -3752444.821880 5688.637960 0.898933 -0.426005 0.941595
3322D_2010_323_10_0344_RGB -18706.567680 -3752446.176010 5684.758100 -0.068098 -0.214324 0.640994
3322D_2010_323_10_0345_RGB -17170.210980 -3752442.189000 5685.925910 -0.259089 -0.101777 0.901151
3322D_2010_323_10_0346_RGB -15634.080460 -3752431.768460 5686.120670 -0.233236 -0.353049 1.067435
3322D_2010_323_10_0347_RGB -14097.855800 -3752417.190900 5689.062920 0.429259 -0.569700 1.048433
3322D_2010_323_10_0348_RGB -12561.772840 -3752411.743240 5686.401010 0.354587 -0.104410 0.783947
3322D_2010_323_10_0349_RGB -11026.303610 -3752407.781510 5687.346770 -0.088742 -0.129158 0.884785
3322D_2010_323_10_0350_RGB -9488.383320 -3752402.424800 5686.839180 0.320171 -0.140370 0.751139
3322D_2010_323_10_0351_RGB -7952.337570 -3752399.186850 5687.388710 0.005819 -0.107536 0.912398
3322D_2010_323_10_0352_RGB -6416.390650 -3752393.548990 5685.067730 -0.164779 0.241689 0.895077
3322D_2010_323_10_0353_RGB -4881.790080 -3752379.439050 5687.880480 -0.381153 -0.216901 1.214100
3322D_2010_323_10_0354_RGB -3345.977430 -3752360.810570 5685.376370 -0.008229 -0.237601 1.378253
3322D_2010_323_10_0355_RGB -1809.820160 -3752353.047330 5688.270010 1.291278 -0.367592 0.534115
3322D_2010_323_10_0356_RGB -274.173540 -3752377.993920 5686.489850 1.559518 -0.123553 -0.827645
3322D_2010_323_10_0357_RGB 1262.064820 -3752419.999280 5688.298500 0.658439 -0.201753 -1.046159
3322D_2010_323_10_0358_RGB 2797.796500 -3752456.249940 5686.372520 -0.554602 -0.114890 -0.387928
3322D_2010_323_11_0359_RGB 2792.583880 -3757338.035840 5202.132110 0.648315 0.732573 -178.929058
3322D_2010_323_11_0360_RGB 1255.286550 -3757341.522440 5202.636970 0.181295 0.795278 -179.364943
3322D_2010_323_11_0361_RGB -279.336840 -3757364.078420 5202.583410 0.535634 0.673230 -178.304275
3322D_2010_323_11_0362_RGB -1815.819280 -3757379.296980 5203.067140 -0.471072 0.679230 -179.261203
3322D_2010_323_11_0363_RGB -3351.444560 -3757376.898180 5202.304960 -0.708119 0.246682 -179.964052
3322D_2010_323_11_0364_RGB -4887.209920 -3757359.930010 5202.470030 -0.927892 0.198188 179.341111
3322D_2010_323_11_0365_RGB -6424.395520 -3757328.684820 5202.698440 0.455325 0.390600 179.711891
3322D_2010_323_11_0366_RGB -7960.290700 -3757326.758610 5203.002790 -0.072660 0.271932 -179.438278
3322D_2010_323_11_0367_RGB -9495.806710 -3757324.260790 5202.850770 0.124614 0.322936 -179.479335
3322D_2010_323_11_0368_RGB -11032.109310 -3757317.789360 5202.963470 -0.063963 0.765995 -179.757367
3322D_2010_323_11_0369_RGB -12567.905280 -3757328.100140 5204.558480 0.496659 0.685087 -178.789120
3322D_2010_323_11_0370_RGB -14104.434600 -3757343.825200 5202.726620 -0.414567 0.449358 -179.014299
3322D_2010_323_11_0371_RGB -15640.593190 -3757358.443490 5203.629170 0.239695 0.358011 -178.761187
3322D_2010_323_11_0372_RGB -17178.822710 -3757381.084860 5204.978220 -0.605296 0.234045 -179.106901
3322D_2010_323_11_0373_RGB -18711.700120 -3757374.920960 5202.349090 -0.961997 0.224370 179.725554
3322D_2010_323_11_0374_RGB -20248.130170 -3757360.380200 5202.953930 -0.014360 0.094509 -179.880567
3322D_2010_323_11_0375_RGB -21784.331850 -3757353.354070 5203.626190 0.212607 -0.092480 -179.584472
3322D_2010_323_11_0376_RGB -23319.847080 -3757349.395990 5204.139100 -0.326638 0.240694 -179.913451
3322D_2010_323_11_0377_RGB -24856.490800 -3757329.738760 5202.683220 -0.431433 0.293971 179.600856
3322D_2010_323_11_0378_RGB -26392.917910 -3757304.907890 5202.760090 0.171195 0.014403 179.630229
3322D_2010_323_11_0379_RGB -27932.389550 -3757309.441770 5201.691090 1.315132 -0.551778 -178.576062
3322D_2010_323_11_0380_RGB -29464.781880 -3757322.651730 5204.342800 -0.995259 -0.306394 -179.697451
3322D_2010_323_11_0381_RGB -31003.580820 -3757311.122600 5203.203570 -0.130254 0.305937 -179.897400
3322D_2010_323_11_0382_RGB -32537.039170 -3757329.213920 5202.789020 1.110949 0.368913 -178.059234
3322D_2010_323_11_0383_RGB -34075.185940 -3757353.017450 5202.230780 0.134751 0.508455 -178.547490
3322D_2010_323_11_0384_RGB -35609.494900 -3757390.686320 5201.146230 -2.070269 0.202366 -179.145885
3322D_2010_323_11_0385_RGB -37144.406140 -3757386.659510 5202.976300 0.128167 -0.159140 -179.426007
3322D_2010_323_11_0386_RGB -38681.469750 -3757400.693550 5202.610880 -0.902199 -0.038912 -179.269772
3322D_2010_323_11_0387_RGB -40217.423890 -3757372.348990 5203.486110 -0.209455 0.345196 179.221227
3322D_2010_323_11_0388_RGB -41752.782190 -3757344.716820 5203.105080 -0.024225 0.384677 179.403481
3322D_2010_323_11_0389_RGB -43287.625580 -3757323.927590 5200.449090 0.281075 0.452414 179.885745
3322D_2010_323_11_0390_RGB -44824.223360 -3757310.587350 5202.205750 0.088219 0.446020 179.901123
3322D_2010_323_11_0391_RGB -46360.157420 -3757301.300130 5202.243160 -0.318932 0.347848 179.873486
3322D_2010_323_11_0392_RGB -47897.142080 -3757289.001150 5202.205600 0.162616 0.221314 -179.794524
3322D_2010_323_11_0393_RGB -49433.893410 -3757279.286480 5202.070610 -0.231773 0.236787 179.918378
3322D_2010_323_12_0394_RGB -49424.415910 -3761847.664160 5116.439170 3.810609 2.483621 1.303366
3322D_2010_323_12_0395_RGB -47887.057450 -3761845.209870 5108.138070 1.454643 -0.631345 0.142848
3322D_2010_323_12_0396_RGB -46349.829450 -3761853.006800 5103.204170 -0.178135 -0.247871 0.217963
3322D_2010_323_12_0397_RGB -44819.110830 -3761854.907860 5102.437280 -1.017840 -0.425639 0.565324
3322D_2010_323_12_0398_RGB -43277.449340 -3761851.766670 5101.876060 -0.728465 -0.359971 0.685429
3322D_2010_323_12_0399_RGB -41747.204410 -3761852.430280 5102.188760 0.140940 -0.682020 0.345669
3322D_2010_323_12_0400_RGB -40209.170180 -3761874.712020 5102.669000 0.687640 -0.778754 -0.506298
3322D_2010_323_12_0401_RGB -38671.343780 -3761900.012300 5103.492660 -0.572803 -0.751569 0.016754
3322D_2010_323_12_0402_RGB -37134.927460 -3761913.142320 5102.894970 -0.006976 -0.482271 0.275157
3322D_2010_323_12_0403_RGB -35602.392830 -3761921.260350 5100.876490 0.105506 -0.132013 0.451675
3322D_2010_323_12_0404_RGB -34066.381990 -3761928.358230 5102.754580 0.169016 -0.464873 0.443634
3322D_2010_323_12_0405_RGB -32530.577250 -3761931.200990 5102.307620 -0.692529 -0.626226 0.817199
3322D_2010_323_12_0406_RGB -30994.475080 -3761913.897980 5104.189860 -0.428007 -0.605470 1.510711
3322D_2010_323_12_0407_RGB -29461.017460 -3761886.674570 5104.345510 -0.892130 -0.609254 2.045085
3322D_2010_323_12_0408_RGB -27924.535750 -3761847.535530 5105.748390 0.043155 -0.333196 2.235542
3322D_2010_323_12_0409_RGB -26386.535720 -3761814.352710 5102.976820 0.630541 0.065446 1.765007
3322D_2010_323_12_0410_RGB -24852.933980 -3761788.099970 5102.961920 0.375537 -0.087998 1.541646
3322D_2010_323_12_0411_RGB -23316.532900 -3761765.657420 5103.791260 0.296035 0.036526 1.454236
3322D_2010_323_12_0412_RGB -21780.032660 -3761738.724250 5104.550050 0.242787 -0.537413 1.746767
3322D_2010_323_12_0413_RGB -20243.670330 -3761730.735480 5104.546750 1.306508 -0.361412 0.319477
3322D_2010_323_12_0414_RGB -18707.575510 -3761741.711870 5104.688310 0.546863 -0.145287 0.088128
3322D_2010_323_12_0415_RGB -17171.741730 -3761757.463830 5104.925200 0.283656 0.015961 -0.123378
3322D_2010_323_12_0416_RGB -15635.983260 -3761763.690300 5103.212040 -0.714568 -0.090249 0.615499
3322D_2010_323_12_0417_RGB -14100.446460 -3761743.341370 5103.236090 -0.472237 -0.304051 1.642136
3322D_2010_323_12_0418_RGB -12563.383430 -3761732.705330 5105.416870 1.064022 -0.219304 0.679745
3322D_2010_323_12_0419_RGB -11028.528280 -3761748.109090 5104.302640 0.614323 -0.118685 -0.115358
3322D_2010_323_12_0420_RGB -9491.335580 -3761762.957080 5104.949470 0.240263 -0.252750 0.079719
3322D_2010_323_12_0421_RGB -7956.521490 -3761783.550550 5104.038340 -0.248703 -0.271307 -0.051784
3322D_2010_323_12_0422_RGB -6420.746970 -3761790.900220 5104.705690 -0.395552 -0.274820 0.566448
3322D_2010_323_12_0423_RGB -4882.122610 -3761780.095260 5104.889310 -0.791168 -0.284943 1.246990
3322D_2010_323_12_0424_RGB -3346.305470 -3761757.413860 5103.254700 -0.150429 -0.372500 1.526669
3322D_2010_323_12_0425_RGB -1810.245750 -3761751.532440 5107.943570 0.599305 -0.591775 0.782188
3322D_2010_323_12_0426_RGB -274.512060 -3761747.502930 5103.604440 -0.848112 -0.219141 1.151840
3322D_2010_323_12_0427_RGB 1260.467930 -3761738.506660 5107.935290 0.401291 -0.295523 0.759986
3322D_2010_323_12_0428_RGB 2796.834980 -3761741.731260 5104.406250 1.182751 0.028617 0.163880
3322D_2010_323_13_0429_RGB 2791.645370 -3766816.237500 5104.980190 -0.368140 -0.053339 -179.211451
3322D_2010_323_13_0430_RGB 1255.907510 -3766808.098410 5105.720290 -1.353247 0.245899 179.351482
3322D_2010_323_13_0431_RGB -280.638020 -3766761.665650 5103.650970 -0.417221 0.362420 178.527316
3322D_2010_323_13_0432_RGB -1816.472700 -3766711.729910 5105.105190 1.164734 0.328711 179.275631
3322D_2010_323_13_0433_RGB -3352.438800 -3766694.148830 5103.740880 1.072092 0.222094 -179.586744
3322D_2010_323_13_0434_RGB -4888.776490 -3766697.163580 5104.254450 0.391900 0.170100 -179.349837
3322D_2010_323_13_0435_RGB -6424.963520 -3766717.966500 5104.176010 0.915364 0.117545 -178.158899
3322D_2010_323_13_0436_RGB -7961.250290 -3766761.789770 5104.524720 -0.500882 -0.046078 -178.134543
3322D_2010_323_13_0437_RGB -9495.972670 -3766773.915400 5103.932810 -1.263138 0.171282 -179.570537
3322D_2010_323_13_0438_RGB -11031.960430 -3766740.507100 5104.552530 -1.385685 0.421146 178.667013
3322D_2010_323_13_0439_RGB -12568.306810 -3766697.943910 5103.715760 0.392638 0.344431 179.309469
3322D_2010_323_13_0440_RGB -14104.088760 -3766673.177470 5102.410060 0.548103 0.137143 179.890172
3322D_2010_323_13_0441_RGB -15640.971840 -3766672.684370 5103.472210 1.102637 -0.135879 -178.903434
3322D_2010_323_13_0442_RGB -17176.727830 -3766689.499940 5103.820070 -0.336790 0.210044 -179.259699
3322D_2010_323_13_0443_RGB -18713.284360 -3766701.209700 5104.753940 -0.049942 0.268495 -178.952149
3322D_2010_323_13_0444_RGB -20248.881240 -3766727.935230 5103.199200 0.148330 0.400680 -178.293211
3322D_2010_323_13_0445_RGB -21785.573090 -3766763.076110 5102.801460 -0.549844 0.493755 -178.474028
3322D_2010_323_13_0446_RGB -23322.058160 -3766781.517140 5103.414270 -0.290686 0.335142 -178.996230
3322D_2010_323_13_0447_RGB -24857.226320 -3766799.023900 5103.150640 -0.510480 -0.038741 -179.161441
3322D_2010_323_13_0448_RGB -26396.808100 -3766806.132490 5103.059510 -0.438466 0.013569 -179.305237
3322D_2010_323_13_0449_RGB -27933.165110 -3766804.746480 5103.083190 -0.431507 0.313136 -179.792584
3322D_2010_323_13_0450_RGB -29465.688310 -3766800.647610 5102.404160 -0.032413 0.329862 -179.566326
3322D_2010_323_13_0451_RGB -31004.059440 -3766795.584540 5101.498680 -0.000972 0.320144 -179.625696
3322D_2010_323_13_0452_RGB -32542.118080 -3766790.490690 5101.919920 -0.349995 0.065544 -179.920847
3322D_2010_323_13_0457_RGB -40216.910310 -3766835.237210 5103.422100 -0.821569 0.199066 -179.437627
3322D_2010_323_13_0458_RGB -41753.096390 -3766818.138390 5102.720360 -0.238389 0.338510 179.766385
3322D_2010_323_13_0459_RGB -43289.892970 -3766802.284330 5102.385530 0.029663 0.244204 179.925524
3322D_2010_323_13_0460_RGB -44824.279020 -3766799.708270 5102.074510 0.512204 0.135970 -179.266248
3322D_2010_323_13_0461_RGB -46360.271570 -3766826.066520 5103.524470 -0.304034 0.293517 -178.652361
3322D_2010_323_13_0462_RGB -47896.349380 -3766821.938390 5102.107690 -0.369695 0.227144 -179.716954
3322D_2010_323_13_0463_RGB -49433.283000 -3766822.037160 5101.507740 0.247543 0.160695 -179.280163
3322D_2010_323_14_0464_RGB 2789.008160 -3771344.790220 5105.243980 0.641440 0.071217 -179.445581
3322D_2010_323_14_0465_RGB 1253.018030 -3771355.916070 5102.512810 0.351276 0.251700 -178.393405
3322D_2010_323_14_0466_RGB -281.398030 -3771385.118160 5103.270470 0.156899 0.355658 -177.946335
3322D_2010_323_14_0467_RGB -1819.483310 -3771409.148450 5101.990920 -1.332370 0.505828 -178.964115
3322D_2010_323_14_0468_RGB -3353.756410 -3771410.328220 5102.889420 -0.786625 0.356135 -179.781741
3322D_2010_323_14_0469_RGB -4888.473260 -3771395.791940 5102.009480 -0.477382 0.139163 -179.956083
3322D_2010_323_14_0470_RGB -6424.799390 -3771373.489070 5103.189040 -0.478012 -0.096306 179.716279
3322D_2010_323_14_0471_RGB -7961.139740 -3771349.348170 5100.880620 0.241023 0.190966 179.987300
3322D_2010_323_14_0472_RGB -9496.995910 -3771332.337210 5102.593020 0.233824 0.438162 -179.875786
3322D_2010_323_14_0473_RGB -11038.683640 -3771332.640580 5099.925660 0.537517 0.134134 -179.052518
3322D_2010_323_14_0474_RGB -12568.392790 -3771350.789700 5102.355550 0.463667 0.021397 -178.399333
3322D_2010_323_14_0475_RGB -14103.685610 -3771380.649110 5100.906080 0.168373 0.097357 -178.014512
3322D_2010_323_15_0476_RGB -46553.102220 -3705153.873770 5582.905320 -1.399440 -1.764781 -90.131990
3322D_2010_323_15_0477_RGB -46552.389130 -3706687.651790 5581.842910 -0.997776 -0.356048 -89.651478
3322D_2010_323_15_0478_RGB -46532.651190 -3708221.909420 5582.700440 -0.333765 1.090574 -88.767409
3322D_2010_323_15_0479_RGB -46493.145760 -3709759.775850 5581.317200 -0.006330 1.170589 -87.882717
3322D_2010_323_15_0480_RGB -46423.938550 -3711293.726750 5581.831030 -0.021442 0.771230 -86.737683
3322D_2010_323_15_0481_RGB -46389.421010 -3712828.396740 5582.070440 -0.475672 -2.176828 -89.476112
3322D_2010_323_15_0482_RGB -46393.582420 -3714364.896220 5580.127300 -0.333809 -1.121606 -90.059505
3322D_2010_323_15_0483_RGB -46398.829700 -3715901.893940 5581.194000 -0.197243 0.049892 -89.657385
3322D_2010_323_15_0484_RGB -46400.730320 -3717437.198090 5580.946180 -0.262050 -0.324102 -89.742807
3322D_2010_323_15_0485_RGB -46404.350140 -3718972.658690 5581.296200 -0.436468 -0.081148 -89.796830
3322D_2010_323_15_0486_RGB -46405.583480 -3720508.457980 5580.673770 -0.224441 0.517491 -89.471589
3322D_2010_323_15_0487_RGB -46391.380200 -3722045.747880 5580.662100 -0.143412 0.034509 -89.081486
3322D_2010_323_15_0488_RGB -46382.568620 -3723580.309330 5580.657090 -0.120847 -0.135876 -89.240510
3322D_2010_323_15_0489_RGB -46367.783270 -3725116.590630 5579.194980 -0.142235 0.632284 -88.666621
3322D_2010_323_15_0490_RGB -46332.547590 -3726653.513170 5580.307780 -0.119799 0.290341 -88.216444
3322D_2010_323_15_0491_RGB -46299.354480 -3728189.051140 5579.762440 -0.305347 -0.513949 -88.506087
3322D_2010_323_15_0492_RGB -46286.006640 -3729724.470990 5580.031740 -0.372742 -1.002563 -89.394389
3322D_2010_323_15_0493_RGB -46294.409110 -3731259.988010 5579.665620 -0.182086 -0.466058 -90.095396
3322D_2010_323_15_0494_RGB -46296.548690 -3732797.092620 5579.892030 -0.257260 0.197187 -89.437806
3322D_2010_323_15_0495_RGB -46291.985150 -3734333.218250 5579.457030 -0.090093 -0.136352 -89.526067
3322D_2010_323_15_0496_RGB -46280.509150 -3735868.379020 5579.122960 0.092986 0.966803 -88.780930
3322D_2010_323_15_0497_RGB -46250.476110 -3737404.961060 5580.070440 -0.153307 -0.412938 -88.788103
3322D_2010_323_15_0498_RGB -46242.119660 -3738941.038170 5578.913530 -0.195213 -0.814814 -89.609611
3322D_2010_323_15_0499_RGB -46248.204120 -3740476.493940 5579.142100 -0.246848 -0.922572 -90.179983
3322D_2010_323_15_0500_RGB -46253.564640 -3742012.560280 5578.777950 -0.138022 0.450454 -89.540686
3322D_2010_323_15_0501_RGB -46253.244620 -3743549.559350 5579.639880 -0.299960 -0.573809 -89.888576
3322D_2010_323_15_0502_RGB -46262.663690 -3745089.384610 5578.139800 -0.295759 -0.275234 -90.176666
3322D_2010_323_15_0503_RGB -46271.708500 -3746620.137210 5579.415780 -0.593149 -0.015763 -89.936815
3322D_2010_323_15_0504_RGB -46274.361430 -3747389.915490 5577.866640 -0.316732 0.204707 -89.701712
3322D_2010_323_15_0505_RGB -46278.585530 -3748162.081040 5577.588770 -0.361629 -0.356058 -90.048601
3322D_2010_323_15_0506_RGB -46281.377560 -3749696.451780 5577.977350 -0.178994 0.580594 -89.359148
3322D_2010_323_15_0507_RGB -46266.931720 -3751228.339080 5576.978770 -0.170180 0.328788 -88.954727
3322D_2010_323_15_0508_RGB -46243.220110 -3752768.803190 5578.195970 -0.213256 -0.283835 -88.827276
3322D_2010_323_15_0509_RGB -46231.716190 -3754304.523230 5578.286060 -0.205159 -0.571576 -89.419241
3322D_2010_323_15_0510_RGB -46226.725000 -3755837.958610 5576.685960 0.010146 -0.438031 -89.519495
3322D_2010_323_15_0511_RGB -46229.521010 -3757375.448860 5577.015950 -0.331427 -0.434058 -89.919510
3322D_2010_323_15_0512_RGB -46233.062690 -3758910.808420 5575.844590 -0.456785 -0.390316 -89.798666
3322D_2010_323_15_0513_RGB -46237.876600 -3760445.045310 5576.401690 -0.380878 -0.008796 -89.804675
3322D_2010_323_15_0514_RGB -46238.345370 -3761981.952630 5577.780510 -0.254347 0.351992 -89.456750
3322D_2010_323_15_0515_RGB -46219.454710 -3763516.089350 5576.301130 0.019035 0.561261 -88.626101
3322D_2010_323_15_0516_RGB -46191.154040 -3765052.525260 5575.290110 -0.022067 -0.179177 -88.721102
3322D_2010_323_15_0517_RGB -46175.401710 -3766588.747840 5576.621810 -0.383992 -0.748247 -89.409519
3322D_2010_323_15_0518_RGB -46181.906410 -3768123.408020 5574.884520 -0.439030 -1.254018 -90.364132
3322D_2010_323_15_0519_RGB -46209.846410 -3769660.445210 5575.906530 -0.329032 0.006334 -90.468703
3322D_2010_323_16_0522_RGB 42.373290 -3773923.230400 5577.307890 -0.198503 2.310973 91.209933
3322D_2010_323_16_0523_RGB 42.912350 -3772379.052140 5577.390120 -0.292806 0.753104 90.376145
3322D_2010_323_16_0524_RGB 54.689460 -3770843.481950 5578.326370 0.105623 0.515669 90.094703
3322D_2010_323_16_0525_RGB 67.253690 -3769310.064460 5576.217380 0.270487 -0.223972 90.423487
3322D_2010_323_16_0526_RGB 68.253430 -3767772.063030 5577.635240 0.361167 -0.329233 90.810082
3322D_2010_323_16_0527_RGB 66.834230 -3766237.726580 5576.125190 0.029095 0.353358 90.735845
3322D_2010_323_16_0528_RGB 66.648690 -3764703.459690 5576.899660 0.039108 -0.074130 90.971485
3322D_2010_323_16_0529_RGB 56.930500 -3763164.740250 5576.801790 0.045058 -0.010733 91.190484
3322D_2010_323_16_0530_RGB 49.531590 -3761630.657730 5578.310450 0.235191 0.175198 90.988585
3322D_2010_323_16_0531_RGB 42.016920 -3760094.305210 5577.357470 0.108541 0.075633 91.108677
3322D_2010_323_16_0532_RGB 42.392350 -3758558.048240 5578.269680 0.145143 0.291969 90.756213
3322D_2010_323_16_0533_RGB 38.201440 -3757023.722170 5578.304860 0.270997 -0.273250 91.095695
3322D_2010_323_16_0534_RGB 28.453620 -3755486.670760 5578.011410 0.254904 0.039154 91.228790
3322D_2010_323_16_0535_RGB 16.791140 -3753950.742700 5578.122340 -0.013489 0.454018 91.065360
3322D_2010_323_16_0536_RGB 11.902960 -3752414.085180 5578.299380 0.130211 -0.044018 91.106429
3322D_2010_323_16_0537_RGB 2.693230 -3750878.343850 5577.818110 0.129243 0.402921 91.047332
3322D_2010_323_16_0538_RGB -0.657220 -3749342.091290 5577.643340 0.027619 -0.122339 91.083251
3322D_2010_323_16_0539_RGB -5.984850 -3747805.789130 5579.745300 0.007254 0.052079 91.129041
3322D_2010_323_16_0540_RGB -5.919080 -3746269.682760 5577.790040 -0.109378 0.402689 90.684191
3322D_2010_323_16_0541_RGB -0.767390 -3744733.801130 5579.401900 0.142492 0.031213 90.700631
3322D_2010_323_16_0542_RGB 7.023650 -3743197.305760 5578.471110 0.090217 0.067538 90.531518
3322D_2010_323_16_0543_RGB 4.286770 -3741663.460240 5578.552190 0.239353 -0.681616 91.321411
3322D_2010_323_16_0544_RGB -11.432550 -3740128.048110 5578.175840 0.284247 0.290767 91.262088
3322D_2010_323_16_0545_RGB -15.429060 -3738591.280580 5579.112260 0.468596 0.207308 90.984248
3322D_2010_323_16_0546_RGB -18.364800 -3737055.252300 5578.330800 0.284340 0.145945 90.991604
3322D_2010_323_16_0547_RGB -28.273910 -3735519.706840 5579.475190 0.324028 -0.588333 91.575637
3322D_2010_323_16_0548_RGB -45.246760 -3733983.721490 5579.139490 0.205329 0.631336 91.171102
3322D_2010_323_16_0549_RGB -51.310120 -3732448.195800 5579.417320 0.070589 0.261641 91.086224
3322D_2010_323_16_0550_RGB -38.642060 -3730911.882430 5579.472230 0.155905 1.083732 89.952546
3322D_2010_323_16_0551_RGB -8.662580 -3729375.717710 5579.695610 0.663462 0.042165 89.892667
3322D_2010_323_16_0552_RGB 15.606460 -3727839.679400 5579.161650 0.615826 0.142373 90.038439
3322D_2010_323_16_0553_RGB 38.439680 -3726303.661690 5578.101250 0.424469 -0.427355 90.240971
3322D_2010_323_16_0554_RGB 42.752720 -3724764.275800 5582.168410 0.420338 -0.617425 90.870884
3322D_2010_323_16_0555_RGB 33.132050 -3723231.895800 5579.438260 0.325536 -0.149531 91.276084
3322D_2010_323_16_0556_RGB 27.658270 -3722459.080580 5582.759270 0.769908 -0.069253 91.384621
3322D_2010_323_16_0557_RGB 19.935860 -3721691.217600 5580.196620 0.515992 -0.287214 91.524299
3322D_2010_323_16_0558_RGB 10.867360 -3720923.311690 5578.630800 0.246254 0.059946 91.601008
3322D_2010_323_16_0559_RGB 3.512330 -3720155.689780 5582.123010 0.347925 0.157205 91.463320
3322D_2010_323_16_0560_RGB 0.123780 -3719388.188450 5583.239140 0.081668 0.644352 91.040462
3322D_2010_323_16_0561_RGB -2.024540 -3718623.236530 5581.988570 -0.073720 0.205340 91.085089
3322D_2010_323_16_0562_RGB -6.725580 -3717852.043920 5582.507450 -0.148984 -0.060483 91.321152
3322D_2010_323_16_0563_RGB -12.083170 -3717086.351580 5584.545130 -0.175826 0.304759 91.198992
3322D_2010_323_16_0564_RGB -12.127410 -3715550.058720 5581.997850 -0.278888 0.721559 90.666778
3322D_2010_323_16_0565_RGB 1.181110 -3714012.111080 5583.206280 -0.014916 -0.025589 90.537282
3322D_2010_323_16_0566_RGB 2.397850 -3712478.148790 5582.397670 0.055179 -0.166147 91.007109
3322D_2010_323_16_0567_RGB 8.207840 -3710942.154340 5582.528790 0.122061 0.450531 90.471815
3322D_2010_323_16_0568_RGB 20.922140 -3709408.116900 5582.424000 0.132344 0.209869 90.427924
3322D_2010_323_16_0569_RGB 35.096440 -3707871.680200 5581.836150 0.222888 0.065194 90.453639
3322D_2010_323_16_0570_RGB 54.547440 -3706335.430160 5582.965550 0.229903 0.312555 90.185935
3322D_2010_323_16_0571_RGB 65.064490 -3704799.825350 5583.073220 0.295522 -0.617221 90.988767
3322D_2010_323_17_0572_RGB -48691.668710 -3766554.652700 5102.392680 -0.508918 -0.913088 38.719946
3322D_2010_323_17_0573_RGB -47487.279990 -3765599.879350 5102.852710 0.542248 -0.616867 38.970071
3322D_2010_323_17_0574_RGB -46272.885370 -3764651.979210 5101.316750 0.574124 -0.204210 38.406686
3322D_2010_323_17_0575_RGB -45066.062790 -3763705.174020 5101.908350 0.182793 -0.764906 38.659382
3322D_2010_323_17_0576_RGB -43853.848600 -3762760.376100 5101.321890 0.040342 -0.517192 38.552910
3322D_2010_323_17_0577_RGB -42641.564020 -3761814.240210 5103.128430 0.630539 -0.200369 38.594123
3322D_2010_323_17_0578_RGB -41424.877980 -3760875.583940 5101.757640 -0.042286 -0.375693 38.381075
3322D_2010_323_17_0579_RGB -40218.516120 -3759923.787320 5103.202710 -0.124882 -0.328213 39.072584
3322D_2010_323_17_0580_RGB -39007.356400 -3758976.025930 5101.075350 0.565740 0.704098 38.242150
3322D_2010_323_17_0581_RGB -37790.480370 -3758041.816310 5103.362070 0.314905 0.043500 38.151765
3322D_2010_323_17_0582_RGB -36571.029330 -3757108.430880 5101.880210 0.386796 0.116015 37.902627
3322D_2010_323_18_0583_RGB -48435.992710 -3756954.908730 5104.355920 -0.859639 -0.093147 -16.391453
3322D_2010_323_18_0584_RGB -46964.418930 -3757392.399610 5102.356160 -1.502516 -0.234455 -15.973496
3322D_2010_323_18_0585_RGB -45490.855810 -3757831.157290 5104.126350 -1.780398 -0.228064 -15.838532
3322D_2010_323_18_0586_RGB -44017.867410 -3758268.920790 5101.724060 -1.617075 0.117936 -15.993491
3322D_2010_323_18_0587_RGB -42545.811290 -3758702.855400 5102.999750 -0.757164 -0.110060 -15.872631
3322D_2010_323_18_0588_RGB -41073.650140 -3759141.937480 5102.291110 -0.046274 -0.248200 -16.120004
3322D_2010_323_18_0589_RGB -39602.176110 -3759584.961910 5103.940840 0.216795 -0.129751 -16.082526
3322D_2010_323_18_0590_RGB -38130.875310 -3760029.646510 5100.021700 0.218353 0.086916 -16.238490
3322D_2010_323_18_0591_RGB -36659.567740 -3760471.310480 5102.106560 -0.422313 0.039077 -15.803402
3322D_2010_323_18_0592_RGB -35185.072190 -3760897.883920 5101.282800 -0.562905 0.135544 -15.282613
3322D_2010_323_18_0593_RGB -33708.693450 -3761312.849740 5101.573270 -0.447665 -0.135755 -14.975065
3322D_2010_323_18_0594_RGB -32231.711460 -3761730.035710 5101.822250 0.645680 -0.407775 -15.449383
3322D_2010_323_18_0595_RGB -30757.470750 -3762167.439150 5103.334280 1.063792 -0.475162 -16.223353
3322D_2010_323_18_0596_RGB -29287.368030 -3762621.379450 5100.856920 0.632398 -0.274236 -16.688053
3322D_2010_323_18_0597_RGB -27819.974920 -3763080.232380 5101.416320 0.330992 -0.431878 -16.776354
3322D_2010_323_18_0598_RGB -26349.299790 -3763530.512790 5101.322470 -1.073133 -0.005281 -15.801923
3322D_2010_323_18_0599_RGB -24876.995740 -3763968.928220 5103.629890 0.505254 -0.459591 -16.207324
3322D_2010_323_18_0600_RGB -23408.398490 -3764427.035280 5101.197360 0.543848 0.026265 -16.836992
3322D_2010_323_18_0601_RGB -21939.218880 -3764882.717050 5101.828720 -0.809057 0.198203 -16.262090
3322D_2010_323_18_0602_RGB -20464.711650 -3765312.473880 5100.966170 -1.080935 0.138187 -15.257103
3322D_2010_323_18_0603_RGB -18986.500430 -3765724.003230 5101.540250 -0.737883 -0.269744 -14.764984
3322D_2010_323_18_0604_RGB -17504.746040 -3766134.849730 5101.452050 0.431449 -0.394069 -15.076057
3322D_2010_323_18_0605_RGB -16032.979410 -3766556.603450 5101.740170 0.616892 -0.324786 -15.621636
3322D_2010_323_18_0606_RGB -14554.251090 -3766993.686440 5101.397610 0.448445 0.125490 -15.930197
3322D_2010_323_18_0607_RGB -13086.455150 -3767428.637990 5101.537410 0.029662 0.050979 -15.802526
3322D_2010_323_18_0608_RGB -11606.711840 -3767856.293880 5101.092240 -0.197815 -0.268959 -15.390229
3322D_2010_323_18_0609_RGB -10132.162340 -3768281.568390 5101.787120 0.528255 -0.498238 -15.679901
3322D_2010_323_18_0610_RGB -8660.778080 -3768726.294020 5100.836110 1.063770 -0.577473 -16.551597
3322D_2010_323_18_0611_RGB -7194.598990 -3769184.583960 5103.434780 -0.626654 -0.291301 -16.346855
3322D_2010_323_18_0612_RGB -5725.485430 -3769628.745050 5101.552480 -0.095226 -0.224403 -16.185799
3322D_2010_323_18_0613_RGB -4251.129100 -3770080.163440 5102.787280 0.374288 -0.370910 -16.324317
3322D_2010_323_18_0614_RGB -2784.555830 -3770535.187940 5100.418550 -0.103179 -0.151420 -16.528045
3322D_2010_323_18_0615_RGB -1313.857810 -3770968.973000 5103.562610 -1.439188 -0.136722 -15.348950
3322D_2010_323_18_0616_RGB 164.285500 -3771379.483090 5102.667050 -1.447707 -0.013037 -14.432568
3322D_2010_323_18_0617_RGB 1650.115300 -3771765.447450 5103.041660 -0.434509 -0.059007 -13.826315
3322D_2010_323_18_0618_RGB 3130.046580 -3772157.585150 5104.386230 0.903505 -0.154061 -14.536276
