3321D_2010_319_01_0001_RGBIR 96619.700980 -3709485.710860 5481.737950 -0.267186 0.440593 -178.917952
3321D_2010_319_01_0002_RGBIR 95084.310790 -3709524.410190 5482.665010 -0.005198 0.461666 -177.545688
3321D_2010_319_01_0003_RGBIR 93549.443790 -3709564.572800 5483.538530 -1.451729 0.887449 -178.877646
3321D_2010_319_01_0004_RGBIR 92013.311050 -3709555.357770 5484.881310 -0.811795 1.487553 179.590722
3321D_2010_319_01_0005_RGBIR 90476.900050 -3709544.369880 5484.210540 0.785100 1.075356 -179.210754
3321D_2010_319_01_0006_RGBIR 88940.359990 -3709577.759140 5484.052550 -0.763948 0.712565 -178.623933
3321D_2010_319_01_0007_RGBIR 87404.400200 -3709564.836450 5483.326790 -0.322835 0.253058 179.611474
3321D_2010_319_01_0008_RGBIR 85869.138010 -3709526.168300 5483.670470 -0.405914 0.305518 178.664208
3321D_2010_319_01_0009_RGBIR 84334.011950 -3709513.784740 5483.869420 0.861667 0.248129 -179.085379
3321D_2010_319_01_0010_RGBIR 82796.197710 -3709510.053800 5485.767090 -0.631718 0.005190 179.749332
3321D_2010_319_01_0011_RGBIR 81260.742130 -3709471.090480 5487.061920 -0.812847 -0.569415 178.539812
3321D_2010_319_01_0012_RGBIR 79724.300610 -3709402.648280 5489.249950 0.487637 -0.939896 178.203349
3321D_2010_319_01_0013_RGBIR 78188.474390 -3709395.852990 5484.987090 1.366734 -1.022444 -178.579989
3321D_2010_319_01_0014_RGBIR 76652.846360 -3709446.664580 5486.588590 0.216873 -0.232163 -177.569064
3321D_2010_319_01_0015_RGBIR 75116.058720 -3709500.062780 5484.365980 0.733368 0.090751 -177.022743
3321D_2010_319_01_0016_RGBIR 73580.595890 -3709539.061550 5482.128280 -1.197432 0.247605 -178.805155
3321D_2010_319_01_0017_RGBIR 72040.262640 -3709535.323080 5481.574840 -0.894592 0.203809 179.952841
3321D_2010_319_01_0018_RGBIR 70504.738500 -3709522.467910 5481.161870 0.047321 -0.098498 -179.822720
3321D_2010_319_01_0019_RGBIR 68969.536180 -3709507.977600 5479.367270 -1.317494 0.071002 179.099512
3321D_2010_319_01_0020_RGBIR 67432.327930 -3709473.140250 5479.683970 0.489269 0.189103 179.622293
3321D_2010_319_01_0021_RGBIR 65898.567450 -3709449.264050 5480.360690 -0.265587 0.455539 179.364469
3321D_2010_319_01_0022_RGBIR 64362.411090 -3709443.625600 5479.715290 0.861135 0.085424 -179.022701
3321D_2010_319_01_0023_RGBIR 62827.169420 -3709467.062890 5480.312960 -0.606662 0.021175 -179.101817
3321D_2010_319_01_0024_RGBIR 61290.423420 -3709456.117110 5480.217860 -0.384250 0.459886 179.778496
3321D_2010_319_01_0025_RGBIR 59756.400690 -3709443.005920 5480.234130 -0.003332 0.859163 179.992876
3321D_2010_319_01_0026_RGBIR 58219.644650 -3709457.836380 5479.927460 1.094685 0.769733 -177.973166
3321D_2010_319_01_0027_RGBIR 56684.024430 -3709518.241330 5480.810050 -0.762182 0.790194 -177.788002
3321D_2010_319_01_0028_RGBIR 55147.928830 -3709544.873550 5480.902730 -0.941789 0.830636 -179.151038
3321D_2010_319_01_0029_RGBIR 53611.941840 -3709551.451390 5481.658810 0.241099 0.949315 -179.058322
3321D_2010_319_01_0030_RGBIR 52077.211370 -3709556.470590 5483.559180 -1.260755 1.265084 179.780199
3321D_2010_319_01_0031_RGBIR 50538.879320 -3709529.552880 5482.499860 -0.414787 0.685622 179.276667
3321D_2010_319_01_0032_RGBIR 49004.165840 -3709498.382440 5483.075540 0.544779 0.105912 179.866996
3321D_2010_319_01_0033_RGBIR 47467.793070 -3709479.499460 5483.759890 -1.098794 0.117429 178.936721
3321D_2010_319_01_0034_RGBIR 45932.119330 -3709462.016040 5482.909640 1.404484 -0.280216 -178.941542
3321D_2010_319_01_0035_RGBIR 44395.765200 -3709492.913060 5483.380090 -1.570677 -0.181688 -179.372471
3321D_2010_319_01_0036_RGBIR 42859.360700 -3709473.000910 5482.579360 -0.452937 -0.349732 179.504975
3321D_2010_319_02_0037_RGBIR 42868.365920 -3714395.166660 5514.361260 0.029573 0.456690 2.232374
3321D_2010_319_02_0038_RGBIR 44403.894230 -3714361.578440 5515.717360 -0.898093 0.084843 1.575863
3321D_2010_319_02_0039_RGBIR 45939.078630 -3714319.505340 5517.967030 -2.377834 -0.426743 2.350650
3321D_2010_319_02_0040_RGBIR 47478.092180 -3714264.958830 5513.936610 -1.611870 -0.251182 2.527430
3321D_2010_319_02_0041_RGBIR 49013.239150 -3714230.811060 5490.394170 0.559197 0.898435 1.154759
3321D_2010_319_02_0042_RGBIR 50547.610590 -3714240.445250 5495.726770 2.372682 -0.013571 -0.416821
3321D_2010_319_02_0043_RGBIR 52081.878820 -3714275.364130 5493.437160 0.799545 0.105164 -0.874503
3321D_2010_319_02_0044_RGBIR 53617.976990 -3714312.001120 5494.960310 -0.050123 0.084893 -0.618655
3321D_2010_319_02_0045_RGBIR 55154.689200 -3714334.657300 5492.271880 -0.536105 0.164208 -0.029590
3321D_2010_319_02_0046_RGBIR 56690.085890 -3714334.908140 5494.818920 -1.500566 -0.314439 1.208823
3321D_2010_319_02_0047_RGBIR 58227.002080 -3714313.333730 5492.841660 -0.598680 -0.396641 1.443510
3321D_2010_319_02_0048_RGBIR 59761.321770 -3714296.734430 5494.350090 0.555972 -0.375178 0.956543
3321D_2010_319_02_0049_RGBIR 61297.280310 -3714301.277740 5494.329930 1.387204 -0.838469 0.050074
3321D_2010_319_02_0050_RGBIR 62833.286700 -3714332.307660 5495.684720 1.308856 -1.166817 -0.847235
3321D_2010_319_02_0051_RGBIR 64369.593410 -3714364.311910 5496.447210 -0.366967 -1.288479 -0.277893
3321D_2010_319_02_0052_RGBIR 65904.966660 -3714369.401590 5497.514480 -1.311685 -1.419092 0.965033
3321D_2010_319_02_0053_RGBIR 67441.661200 -3714345.458600 5497.960790 -1.059370 -1.423063 1.768070
3321D_2010_319_02_0054_RGBIR 68977.900430 -3714311.047630 5495.604840 -0.298998 -1.088651 1.913635
3321D_2010_319_02_0055_RGBIR 70512.353150 -3714287.242760 5499.237040 0.705753 -1.122166 1.309533
3321D_2010_319_02_0056_RGBIR 72050.855950 -3714288.252970 5497.975390 1.091269 -0.623006 0.243882
3321D_2010_319_02_0057_RGBIR 73586.767320 -3714303.271580 5498.690390 0.413121 -0.531241 0.009609
3321D_2010_319_02_0058_RGBIR 75121.250770 -3714312.497980 5498.593710 -0.339734 -0.756032 0.547950
3321D_2010_319_02_0059_RGBIR 76657.640820 -3714308.779620 5500.511390 0.393700 -0.741339 0.711426
3321D_2010_319_02_0060_RGBIR 78194.598790 -3714328.743900 5500.073690 1.075904 -0.340657 -0.452684
3321D_2010_319_02_0061_RGBIR 79730.306870 -3714361.518540 5500.704760 -0.225202 -0.130408 -0.384033
3321D_2010_319_02_0062_RGBIR 81265.047000 -3714370.578960 5498.903920 -1.208523 -0.243395 0.717825
3321D_2010_319_02_0063_RGBIR 82801.164370 -3714356.041120 5499.806420 -0.354349 -0.362477 1.251044
3321D_2010_319_02_0064_RGBIR 84338.577060 -3714345.474050 5498.223560 0.667921 -0.162406 0.752876
3321D_2010_319_02_0065_RGBIR 85873.979490 -3714356.732090 5498.285540 0.951149 -0.412824 -0.157664
3321D_2010_319_02_0066_RGBIR 87409.114900 -3714374.216790 5497.215500 -0.407777 -0.391754 0.100532
3321D_2010_319_02_0067_RGBIR 88945.483440 -3714366.862650 5499.506790 -1.240740 -0.136554 1.478209
3321D_2010_319_02_0068_RGBIR 90482.503460 -3714331.577830 5500.549890 -0.778547 0.353885 2.119843
3321D_2010_319_02_0069_RGBIR 92023.225020 -3714286.368720 5501.597030 -0.096881 0.385228 2.276143
3321D_2010_319_02_0070_RGBIR 93553.297900 -3714247.694450 5501.332040 0.508763 0.474949 1.788221
3321D_2010_319_02_0071_RGBIR 95095.865040 -3714220.562600 5501.708110 1.464163 0.533847 1.190436
3321D_2010_319_02_0072_RGBIR 96631.563480 -3714245.835170 5502.950130 3.140601 0.180982 -1.478954
3321D_2010_319_03_0073_RGBIR 96620.452760 -3719179.543560 5499.678050 0.188239 0.712849 -178.294326
3321D_2010_319_03_0074_RGBIR 95086.421340 -3719187.336540 5501.494630 -0.803493 0.986703 -179.812784
3321D_2010_319_03_0075_RGBIR 93548.407640 -3719175.955760 5501.955370 0.216736 0.417590 -179.763608
3321D_2010_319_03_0076_RGBIR 92013.078000 -3719191.292580 5501.877810 0.630008 0.015805 -178.474735
3321D_2010_319_03_0077_RGBIR 90476.936530 -3719209.891170 5500.003680 -0.440648 0.076765 -179.170726
3321D_2010_319_03_0078_RGBIR 88941.148630 -3719216.241810 5499.637560 -0.363830 0.235474 -179.379466
3321D_2010_319_03_0079_RGBIR 87404.117300 -3719210.202290 5498.597330 -0.284317 0.297547 -179.838112
3321D_2010_319_03_0080_RGBIR 85867.836140 -3719217.719760 5498.867900 -0.181387 0.533695 -178.959388
3321D_2010_319_03_0081_RGBIR 84332.721280 -3719206.475930 5498.674730 -0.684023 0.689974 179.748376
3321D_2010_319_03_0082_RGBIR 82796.920820 -3719198.531160 5498.924270 0.075822 0.310552 -179.346843
3321D_2010_319_03_0083_RGBIR 81256.776580 -3719162.202760 5498.577330 -1.003767 0.212478 178.395607
3321D_2010_319_03_0084_RGBIR 79721.608480 -3719129.404250 5498.403750 0.696335 0.253470 179.937091
3321D_2010_319_03_0085_RGBIR 78185.748880 -3719114.584920 5497.273870 0.401609 0.502483 -179.848920
3321D_2010_319_03_0086_RGBIR 76651.369560 -3719119.424420 5498.738390 0.957847 0.285827 -178.576224
3321D_2010_319_03_0087_RGBIR 75114.194150 -3719165.071700 5496.962780 0.242150 0.212913 -177.503745
3321D_2010_319_03_0088_RGBIR 73580.014120 -3719196.447680 5497.402740 -0.698577 0.312602 -178.683500
3321D_2010_319_03_0089_RGBIR 72044.832300 -3719217.054800 5497.858160 -0.146656 0.186011 -178.586336
3321D_2010_319_03_0090_RGBIR 70507.637890 -3719218.803890 5497.609000 -0.589752 0.263049 -179.968133
3321D_2010_319_03_0091_RGBIR 68973.324070 -3719205.691720 5496.981200 -0.086662 0.118088 179.821298
3321D_2010_319_03_0092_RGBIR 67435.891380 -3719186.258880 5498.243300 -0.344034 0.224058 179.645609
3321D_2010_319_03_0093_RGBIR 65900.886680 -3719162.566580 5497.522720 0.114387 0.304076 179.788686
3321D_2010_319_03_0094_RGBIR 64364.689070 -3719150.075980 5496.212400 0.219848 0.490352 -179.640614
3321D_2010_319_03_0095_RGBIR 62829.236220 -3719134.956470 5496.467080 -0.075374 0.720950 -179.973556
3321D_2010_319_03_0096_RGBIR 61293.006890 -3719123.790450 5494.979080 0.976047 0.879797 -179.206729
3321D_2010_319_03_0097_RGBIR 59756.792840 -3719152.906560 5495.461310 0.162985 1.328700 -178.193962
3321D_2010_319_03_0098_RGBIR 58221.217830 -3719162.128680 5494.933800 -1.614508 1.390931 179.672977
3321D_2010_319_03_0099_RGBIR 56685.357540 -3719126.973790 5495.289610 0.176510 0.912930 179.354078
3321D_2010_319_03_0100_RGBIR 55148.313780 -3719127.398250 5495.769980 0.538571 0.408769 -178.868252
3321D_2010_319_03_0101_RGBIR 53612.056410 -3719138.948410 5497.498870 0.209191 0.086983 -179.085158
3321D_2010_319_03_0102_RGBIR 52076.655940 -3719139.655120 5498.179190 -0.292444 -0.073867 -179.857544
3321D_2010_319_03_0103_RGBIR 50541.274540 -3719126.408860 5499.511870 -0.553293 -0.273000 179.710618
3321D_2010_319_03_0104_RGBIR 49004.423760 -3719113.840160 5500.479550 0.238812 -0.296448 -179.611669
3321D_2010_319_03_0105_RGBIR 47467.935600 -3719110.265500 5500.711180 0.170490 -0.265543 -179.459431
3321D_2010_319_03_0106_RGBIR 45932.404310 -3719111.924190 5501.208090 0.328939 -0.173966 -179.090631
3321D_2010_319_03_0107_RGBIR 44396.117420 -3719139.345720 5501.693080 -0.066258 -0.348684 -178.391967
3321D_2010_319_03_0108_RGBIR 42856.510470 -3719163.404450 5500.614840 0.485265 -0.571702 -178.325698
3321D_2010_319_04_0109_RGBIR 42867.631530 -3723950.838260 5636.022580 -0.532153 -0.036795 2.001847
3321D_2010_319_04_0110_RGBIR 44404.791720 -3723925.008810 5634.234430 0.078697 0.622839 1.030245
3321D_2010_319_04_0111_RGBIR 45940.320790 -3723920.568180 5637.427220 0.429342 0.604333 0.247455
3321D_2010_319_04_0112_RGBIR 46706.952440 -3723926.419420 5634.836460 0.352353 0.790116 -0.123559
3321D_2010_319_04_0113_RGBIR 47476.710610 -3723937.857500 5633.146710 0.754916 0.796021 -0.552559
3321D_2010_319_04_0114_RGBIR 49011.331330 -3723980.064120 5633.344740 0.947320 0.335722 -1.284404
3321D_2010_319_04_0115_RGBIR 50545.894370 -3724038.386580 5632.498410 0.335503 0.009737 -1.643043
3321D_2010_319_04_0116_RGBIR 52082.132460 -3724080.305850 5633.160770 -1.196044 -0.375076 -0.526275
3321D_2010_319_04_0117_RGBIR 53617.556910 -3724095.986930 5631.835420 -1.191084 -0.287397 0.441935
3321D_2010_319_04_0118_RGBIR 55154.380870 -3724088.283200 5632.343640 -0.554403 -0.542658 1.017655
3321D_2010_319_04_0119_RGBIR 56689.931670 -3724071.858110 5633.432690 -0.826050 -0.667202 1.545987
3321D_2010_319_04_0120_RGBIR 58226.137440 -3724046.065550 5633.404670 0.228626 -0.419553 1.451558
3321D_2010_319_04_0121_RGBIR 59760.711800 -3724036.999500 5634.755950 0.626377 -0.300952 0.812740
3321D_2010_319_04_0122_RGBIR 61297.335460 -3724025.351990 5637.572160 -0.351326 -0.203612 1.339680
3321D_2010_319_04_0123_RGBIR 62833.154300 -3724002.997660 5639.057850 0.333368 0.073192 1.291847
3321D_2010_319_04_0124_RGBIR 64371.311550 -3723986.318740 5640.320870 0.287848 0.122249 1.119442
3321D_2010_319_04_0125_RGBIR 65906.255130 -3723979.386270 5642.284690 0.658166 0.036857 0.523061
3321D_2010_319_04_0126_RGBIR 67442.086600 -3723976.821160 5641.375870 0.215612 -0.042539 0.708411
3321D_2010_319_04_0127_RGBIR 68977.945610 -3723986.412240 5642.127840 0.748506 -0.288602 0.054477
3321D_2010_319_04_0128_RGBIR 70517.874020 -3724006.346500 5640.798320 0.458833 -0.625728 -0.420524
3321D_2010_319_04_0129_RGBIR 72050.717440 -3724030.371710 5641.241760 0.349542 -0.918664 -0.548463
3321D_2010_319_04_0130_RGBIR 73590.298890 -3724049.717110 5641.061360 -0.728263 -1.123979 0.258082
3321D_2010_319_04_0131_RGBIR 75125.873010 -3724048.319800 5640.873490 -0.213806 -0.803891 0.800473
3321D_2010_319_04_0132_RGBIR 76661.833050 -3724046.066510 5640.937290 -0.025144 -0.710311 0.770797
3321D_2010_319_04_0133_RGBIR 78198.040940 -3724037.595740 5639.960930 -0.708748 -0.667795 1.251742
3321D_2010_319_04_0134_RGBIR 79733.458810 -3724017.224160 5639.335920 -0.274417 -0.508428 1.585058
3321D_2010_319_04_0135_RGBIR 81269.155400 -3723996.262350 5639.559150 0.595442 -0.191523 1.290448
3321D_2010_319_04_0136_RGBIR 82803.018120 -3723991.272280 5640.242250 0.210138 0.186450 0.827896
3321D_2010_319_04_0137_RGBIR 84339.542430 -3723981.119870 5639.139760 -0.052435 0.211207 0.965921
3321D_2010_319_04_0138_RGBIR 85876.116370 -3723969.593830 5640.112200 0.294193 -0.020611 1.070107
3321D_2010_319_04_0139_RGBIR 87410.570130 -3723965.181250 5638.663830 0.862733 -0.122589 0.465678
3321D_2010_319_04_0140_RGBIR 88947.523210 -3723982.857790 5640.498370 1.299910 -0.150571 -0.554663
3321D_2010_319_04_0141_RGBIR 90483.194560 -3724012.928410 5639.634070 -0.135119 -0.297210 -0.435210
3321D_2010_319_04_0142_RGBIR 92018.560200 -3724031.331750 5640.460610 -0.565171 -0.183440 0.180465
3321D_2010_319_04_0143_RGBIR 93554.308670 -3724026.519810 5640.975040 -0.797895 -0.131647 1.166631
3321D_2010_319_04_0144_RGBIR 95091.236230 -3724001.099690 5639.314350 -0.739534 -0.088580 1.796543
3321D_2010_319_04_0145_RGBIR 96627.168750 -3723966.579370 5641.070680 0.024191 -0.163441 1.757844
3321D_2010_319_05_0146_RGBIR 96619.945680 -3728866.208790 5581.072770 0.152526 0.085410 -179.717101
3321D_2010_319_05_0147_RGBIR 95083.455790 -3728869.314060 5582.511770 0.467024 -0.048361 -179.242160
3321D_2010_319_05_0148_RGBIR 93549.567280 -3728888.593230 5581.586290 -0.089418 -0.012912 -178.696181
3321D_2010_319_05_0149_RGBIR 92010.906950 -3728915.685580 5582.356840 -0.045184 0.332291 -178.224370
3321D_2010_319_05_0150_RGBIR 90476.329550 -3728930.591100 5580.315140 -1.279277 0.534668 -179.650733
3321D_2010_319_05_0151_RGBIR 88941.657710 -3728905.288630 5580.447870 -0.693122 0.769124 179.223857
3321D_2010_319_05_0152_RGBIR 87405.590570 -3728875.411140 5579.574650 0.488045 0.376595 179.854755
3321D_2010_319_05_0153_RGBIR 85870.229460 -3728857.277100 5581.404320 -0.529538 0.138891 179.613146
3321D_2010_319_05_0154_RGBIR 84333.248280 -3728820.984420 5582.518150 -0.264422 -0.143201 179.083739
3321D_2010_319_05_0155_RGBIR 82797.609410 -3728803.681830 5581.087630 1.244889 -0.495600 -179.232127
3321D_2010_319_05_0156_RGBIR 81262.142520 -3728826.495780 5580.687000 0.090967 -0.206841 -178.527018
3321D_2010_319_05_0157_RGBIR 79725.722400 -3728833.040860 5581.314880 -0.345870 -0.078556 -179.503538
3321D_2010_319_05_0158_RGBIR 78190.252330 -3728832.513750 5580.550300 -0.368569 -0.097812 -179.670460
3321D_2010_319_05_0159_RGBIR 76654.071430 -3728832.595440 5578.238310 0.341342 -0.271848 -179.149143
3321D_2010_319_05_0160_RGBIR 75117.902340 -3728855.090570 5578.436420 -0.334546 -0.139297 -178.652379
3321D_2010_319_05_0161_RGBIR 73582.456740 -3728863.134190 5577.584110 -0.069002 0.035755 -179.261791
3321D_2010_319_05_0162_RGBIR 72046.545710 -3728879.329890 5577.537880 0.082394 0.237730 -178.683097
3321D_2010_319_05_0163_RGBIR 70510.105390 -3728899.834110 5578.528880 -0.993264 0.611373 -179.241483
3321D_2010_319_05_0164_RGBIR 68973.813520 -3728885.575950 5577.561510 -0.355009 0.449603 179.880081
3321D_2010_319_05_0165_RGBIR 67436.836220 -3728880.588080 5579.189530 -0.037694 0.459409 -179.510766
3321D_2010_319_05_0166_RGBIR 65902.217190 -3728864.031310 5580.148360 -0.025813 0.269162 179.982261
3321D_2010_319_05_0167_RGBIR 64365.251550 -3728848.677310 5578.657120 -0.487729 0.008158 179.783355
3321D_2010_319_05_0168_RGBIR 62828.626010 -3728814.809270 5576.556970 0.018853 -0.072527 179.274958
3321D_2010_319_05_0169_RGBIR 61294.741710 -3728795.252940 5574.849930 0.653143 0.165921 -179.686572
3321D_2010_319_05_0170_RGBIR 59757.610740 -3728809.663790 5573.622180 0.228917 0.532397 -178.702395
3321D_2010_319_05_0171_RGBIR 58221.596790 -3728832.883240 5574.107860 0.620731 0.847005 -178.233719
3321D_2010_319_05_0172_RGBIR 56686.094390 -3728873.057310 5575.250970 -0.654841 1.098552 -178.345173
3321D_2010_319_05_0173_RGBIR 55150.710670 -3728883.749580 5574.240340 -0.980499 1.025557 -179.573192
3321D_2010_319_05_0174_RGBIR 53610.921260 -3728875.210890 5575.683460 0.884093 0.880823 -179.175868
3321D_2010_319_05_0175_RGBIR 52077.654490 -3728881.629010 5574.080260 -0.499680 0.642206 -179.478281
3321D_2010_319_05_0176_RGBIR 50539.049250 -3728857.821800 5573.567840 -0.792644 0.497199 179.110294
3321D_2010_319_05_0177_RGBIR 49004.101430 -3728821.644910 5573.428220 0.447561 0.111990 179.497238
3321D_2010_319_05_0178_RGBIR 47466.016230 -3728796.843940 5573.568880 -0.148701 -0.097960 179.473901
3321D_2010_319_05_0179_RGBIR 45932.100580 -3728759.629600 5573.524550 -0.727348 -0.233348 178.680816
3321D_2010_319_05_0180_RGBIR 44397.072300 -3728760.472350 5572.885630 1.907236 -0.437524 -177.984488
3321D_2010_319_05_0181_RGBIR 42860.241490 -3728832.174460 5573.346930 0.716529 -0.008186 -176.281892
3321D_2010_319_06_0182_RGBIR 42867.123600 -3733634.306880 5594.546360 1.265488 0.175093 2.296291
3321D_2010_319_06_0183_RGBIR 44403.859140 -3733610.243310 5597.493530 2.478218 0.095706 0.927253
3321D_2010_319_06_0184_RGBIR 45938.951140 -3733625.657640 5596.538110 2.376818 -0.031476 -0.579677
3321D_2010_319_06_0185_RGBIR 47475.865240 -3733663.047540 5596.622700 0.633264 -0.366293 -0.867050
3321D_2010_319_06_0186_RGBIR 49011.629250 -3733691.523760 5597.336050 -0.641807 -0.652814 -0.041403
3321D_2010_319_06_0187_RGBIR 50546.770080 -3733706.677990 5596.475350 0.180590 -0.546567 -0.072283
3321D_2010_319_06_0188_RGBIR 52090.873440 -3733741.895790 5597.507820 1.150159 -0.432365 -1.130137
3321D_2010_319_06_0189_RGBIR 53619.072960 -3733775.328030 5596.823880 -1.513094 -0.465530 0.134718
3321D_2010_319_06_0190_RGBIR 55158.755770 -3733778.864390 5598.524600 -0.813742 -0.242537 0.724312
3321D_2010_319_06_0191_RGBIR 56692.069560 -3733770.935950 5597.807000 0.080149 0.093510 0.923217
3321D_2010_319_06_0192_RGBIR 58227.547050 -3733771.854740 5599.119160 0.643312 0.151556 0.352807
3321D_2010_319_06_0193_RGBIR 59768.223580 -3733771.913290 5599.326490 -0.833271 0.055901 0.955359
3321D_2010_319_06_0194_RGBIR 61302.557660 -3733751.319350 5598.631970 -1.012610 -0.070270 1.881874
3321D_2010_319_06_0195_RGBIR 62838.408900 -3733705.363040 5601.012150 -0.407063 -0.281705 2.519360
3321D_2010_319_06_0196_RGBIR 64375.308480 -3733665.279790 5600.199920 1.681584 -0.171696 1.500907
3321D_2010_319_06_0197_RGBIR 65911.550970 -3733662.303630 5601.411340 1.570988 -0.118604 0.274824
3321D_2010_319_06_0198_RGBIR 67444.759170 -3733681.377680 5602.798250 0.967348 -0.092868 -0.316654
3321D_2010_319_06_0199_RGBIR 68982.163790 -3733710.608550 5602.994470 0.319689 -0.263123 -0.526988
3321D_2010_319_06_0200_RGBIR 70516.186220 -3733732.620450 5601.984780 -0.283315 -0.270009 -0.067765
3321D_2010_319_06_0201_RGBIR 72051.303580 -3733741.050830 5601.028330 -0.996937 -0.334704 0.684540
3321D_2010_319_06_0202_RGBIR 73587.061510 -3733718.408050 5602.005700 -1.714812 -0.607459 2.023177
3321D_2010_319_06_0203_RGBIR 75123.497180 -3733666.903360 5602.471180 -0.544720 -0.466655 2.688919
3321D_2010_319_06_0204_RGBIR 76660.344530 -3733624.060710 5602.480280 1.025385 -0.336962 1.829393
3321D_2010_319_06_0205_RGBIR 78195.091190 -3733617.885570 5602.158840 2.166005 -0.339117 0.068817
3321D_2010_319_06_0206_RGBIR 79730.680250 -3733653.367730 5604.219750 1.610128 -0.136355 -1.099499
3321D_2010_319_06_0207_RGBIR 81267.884440 -3733704.365370 5601.888350 0.526706 0.228610 -1.467122
3321D_2010_319_06_0208_RGBIR 82803.875470 -3733746.812130 5601.880930 0.038050 -0.090266 -0.954459
3321D_2010_319_06_0209_RGBIR 84338.882650 -3733779.041630 5600.531140 -0.934483 -0.406193 -0.262933
3321D_2010_319_06_0210_RGBIR 85873.958520 -3733774.712760 5599.426910 -1.941930 -0.572387 1.468311
3321D_2010_319_06_0211_RGBIR 87409.892100 -3733724.645420 5602.098070 -1.811686 -0.766351 3.060784
3321D_2010_319_06_0212_RGBIR 88947.250520 -3733671.478840 5601.052720 0.706110 -0.279925 2.281738
3321D_2010_319_06_0213_RGBIR 90484.099830 -3733653.114970 5599.703850 2.206161 0.278237 0.436726
3321D_2010_319_06_0214_RGBIR 92018.271070 -3733677.205200 5601.358680 1.386284 0.229478 -0.604434
3321D_2010_319_06_0215_RGBIR 93556.394430 -3733710.611090 5598.445420 0.431826 0.512310 -0.602394
3321D_2010_319_06_0216_RGBIR 95089.685640 -3733730.042050 5600.215610 -0.290419 0.315503 0.165713
3321D_2010_319_06_0217_RGBIR 96627.085570 -3733735.582360 5599.552800 -0.734427 0.249593 0.589060
3321D_2010_319_07_0218_RGBIR 96622.330260 -3738581.943470 5340.853450 -0.872477 0.378692 179.916693
3321D_2010_319_07_0219_RGBIR 95085.547040 -3738565.324490 5341.084930 0.626023 0.260220 -179.864159
3321D_2010_319_07_0220_RGBIR 93550.016770 -3738570.482440 5339.124350 0.564283 0.033661 -179.007623
3321D_2010_319_07_0221_RGBIR 92013.738410 -3738584.607720 5340.854030 -0.557425 0.116009 -179.359000
3321D_2010_319_07_0222_RGBIR 90477.906440 -3738572.647530 5341.226690 0.186391 0.128366 -179.852256
3321D_2010_319_07_0223_RGBIR 88942.226620 -3738567.940010 5339.445920 0.118721 0.133835 -179.640316
3321D_2010_319_07_0224_RGBIR 87405.223290 -3738567.927780 5340.582580 -0.926409 0.295169 -179.945509
3321D_2010_319_07_0225_RGBIR 85869.698760 -3738545.139600 5339.001140 0.070057 0.153488 179.722082
3321D_2010_319_07_0226_RGBIR 84334.406910 -3738532.247250 5339.928230 -0.677945 0.176054 179.661785
3321D_2010_319_07_0227_RGBIR 82797.336330 -3738494.046290 5339.065730 0.992471 0.119711 179.650754
3321D_2010_319_07_0228_RGBIR 81259.402230 -3738505.010720 5338.823030 -0.024599 0.320685 -179.120366
3321D_2010_319_07_0229_RGBIR 79727.148770 -3738499.260900 5338.213450 -0.166870 0.266257 -179.808201
3321D_2010_319_07_0230_RGBIR 78189.983900 -3738492.444710 5338.503860 -0.222141 0.241755 -179.993138
3321D_2010_319_07_0231_RGBIR 76655.304460 -3738472.910570 5337.341370 -0.593965 0.317039 179.506235
3321D_2010_319_07_0232_RGBIR 75115.097160 -3738474.259750 5337.184510 1.337014 0.096444 -178.441051
3321D_2010_319_07_0233_RGBIR 73580.993540 -3738516.277230 5338.168500 -0.393132 0.265134 -178.335523
3321D_2010_319_07_0234_RGBIR 72042.333700 -3738544.438220 5337.503710 0.213367 0.229029 -178.388145
3321D_2010_319_07_0235_RGBIR 70508.175900 -3738586.039400 5335.391920 -1.018330 0.261615 -178.483952
3321D_2010_319_07_0236_RGBIR 68973.836750 -3738605.212010 5337.601960 -0.300359 0.331503 -178.897802
3321D_2010_319_07_0237_RGBIR 67437.061510 -3738620.708120 5338.142800 -0.708337 0.433948 -179.469641
3321D_2010_319_07_0238_RGBIR 65901.929270 -3738584.952820 5335.172370 -1.312218 0.308092 178.393684
3321D_2010_319_07_0239_RGBIR 64365.118170 -3738539.719690 5335.503100 0.848499 0.066148 179.552082
3321D_2010_319_07_0240_RGBIR 62829.603730 -3738529.654800 5337.124640 -0.004959 0.277213 179.968105
3321D_2010_319_07_0241_RGBIR 61292.863470 -3738513.421000 5338.028960 -0.440153 0.321087 179.440363
3321D_2010_319_07_0242_RGBIR 59757.964070 -3738494.666670 5337.532590 0.387976 0.124080 -179.872212
3321D_2010_319_07_0243_RGBIR 58220.787560 -3738473.261850 5336.186740 0.047381 0.131096 179.639456
3321D_2010_319_07_0244_RGBIR 56685.879710 -3738485.160430 5338.525270 0.782182 0.304650 -178.600316
3321D_2010_319_07_0245_RGBIR 55149.131810 -3738501.134410 5337.634050 -0.824364 0.271128 -179.623570
3321D_2010_319_07_0246_RGBIR 53613.839530 -3738498.801900 5336.013210 -0.141351 0.161868 -179.641599
3321D_2010_319_07_0247_RGBIR 52077.294730 -3738498.287200 5337.655770 0.042819 0.308193 -179.413657
3321D_2010_319_07_0248_RGBIR 50541.922410 -3738507.805830 5338.003610 0.178378 0.170884 -179.066472
3321D_2010_319_07_0249_RGBIR 49006.017480 -3738512.949160 5337.705970 -0.582597 0.104133 -179.815561
3321D_2010_319_07_0250_RGBIR 47470.064490 -3738504.991490 5337.490840 -0.443042 0.229764 179.931560
3321D_2010_319_07_0251_RGBIR 45934.573220 -3738499.205570 5337.642970 0.074085 0.150611 -179.598358
3321D_2010_319_07_0252_RGBIR 44398.328160 -3738491.390320 5337.932210 -0.422699 0.273978 179.919263
3321D_2010_319_07_0253_RGBIR 42861.166350 -3738479.363440 5337.635830 0.153503 0.218870 -179.715328
3321D_2010_319_08_0254_RGBIR 96623.009010 -3743305.961640 5477.544720 0.624886 0.686060 -178.428842
3321D_2010_319_08_0255_RGBIR 95087.421270 -3743321.729940 5477.154040 -0.027130 0.595758 -179.310487
3321D_2010_319_08_0256_RGBIR 93550.173080 -3743326.503590 5477.604680 0.311451 0.428241 -179.199820
3321D_2010_319_08_0257_RGBIR 92014.581480 -3743330.457040 5477.039910 -0.623700 0.474322 -179.464725
3321D_2010_319_08_0258_RGBIR 90478.908040 -3743330.048790 5476.555340 0.767314 0.308591 -178.860738
3321D_2010_319_08_0259_RGBIR 88943.262200 -3743363.831960 5477.260180 -0.438391 0.413841 -178.489474
3321D_2010_319_08_0260_RGBIR 87406.107660 -3743374.140660 5476.198030 -0.295621 0.234102 -179.241004
3321D_2010_319_08_0261_RGBIR 85870.429400 -3743387.808640 5475.959630 -0.452821 0.113540 -179.144978
3321D_2010_319_08_0262_RGBIR 84334.562270 -3743380.149060 5476.067650 -0.936975 0.312010 179.805826
3321D_2010_319_08_0263_RGBIR 82799.060000 -3743363.128190 5476.159260 0.417911 0.277063 -179.723122
3321D_2010_319_08_0264_RGBIR 81262.516730 -3743369.194640 5474.311200 0.052036 0.334195 -179.117665
3321D_2010_319_08_0265_RGBIR 79727.523550 -3743371.961270 5474.509940 -1.181382 0.361585 179.874675
3321D_2010_319_08_0266_RGBIR 78190.497390 -3743347.343580 5475.098890 1.481312 0.337332 -179.220000
3321D_2010_319_08_0267_RGBIR 76655.454920 -3743380.926020 5474.420610 -0.015267 0.423109 -178.098708
3321D_2010_319_08_0268_RGBIR 75119.244600 -3743382.077570 5474.758530 -1.343914 0.570698 179.676848
3321D_2010_319_08_0269_RGBIR 73581.826940 -3743370.496630 5473.935330 0.900404 0.107935 -179.205621
3321D_2010_319_08_0270_RGBIR 72047.154050 -3743371.278790 5474.312650 -1.245906 0.248722 179.803344
3321D_2010_319_08_0271_RGBIR 70510.939360 -3743369.458580 5474.258320 1.719986 -0.034632 -178.054834
3321D_2010_319_08_0272_RGBIR 68973.823050 -3743401.335910 5472.989720 -1.429557 0.165886 -179.192380
3321D_2010_319_08_0273_RGBIR 67439.293300 -3743393.226930 5473.821420 0.087513 0.166334 -179.387977
3321D_2010_319_08_0274_RGBIR 65902.896010 -3743379.777770 5474.128250 -1.434172 0.503156 179.267750
3321D_2010_319_08_0275_RGBIR 64363.976980 -3743348.338090 5473.522170 1.597698 0.139251 -179.219906
3321D_2010_319_08_0276_RGBIR 62827.886730 -3743367.067630 5473.701440 -0.374178 0.149443 -179.007247
3321D_2010_319_08_0277_RGBIR 61291.769100 -3743366.747990 5474.575100 -0.078813 0.277753 -179.415163
3321D_2010_319_08_0278_RGBIR 59755.433170 -3743377.999550 5473.077950 -0.209087 0.265980 -178.993743
3321D_2010_319_08_0279_RGBIR 58221.962160 -3743374.191590 5473.602200 -0.078571 0.322239 -179.504686
3321D_2010_319_08_0280_RGBIR 56685.544770 -3743399.678430 5474.674310 0.634118 0.262364 -177.816902
3321D_2010_319_08_0281_RGBIR 55149.277630 -3743419.323960 5473.221810 -1.822290 0.316553 179.962817
3321D_2010_319_08_0282_RGBIR 53613.090590 -3743389.595560 5472.546080 -0.139353 0.031549 179.477976
3321D_2010_319_08_0283_RGBIR 52077.782500 -3743357.463480 5473.748870 -0.477629 0.262098 179.136090
3321D_2010_319_08_0284_RGBIR 50541.968030 -3743347.881270 5473.418540 0.461540 0.159398 -179.329271
3321D_2010_319_08_0285_RGBIR 49006.234790 -3743345.920760 5472.583690 -0.007870 0.114160 -179.694037
3321D_2010_319_08_0286_RGBIR 47470.015500 -3743352.621380 5473.153430 -0.051029 0.032200 -179.194782
3321D_2010_319_08_0287_RGBIR 45933.501300 -3743353.382440 5473.472270 -0.228125 0.225778 -179.454264
3321D_2010_319_08_0288_RGBIR 44397.327460 -3743368.343460 5471.676930 0.080422 0.121154 -178.809752
3321D_2010_319_08_0289_RGBIR 42862.778090 -3743365.347540 5471.733100 -6.492771 0.651974 178.568892
3321D_2010_319_09_0290_RGBIR 42869.160590 -3748158.472980 5474.997700 -2.028616 -1.164746 0.737748
3321D_2010_319_09_0291_RGBIR 44404.234430 -3748164.115450 5479.416470 -1.078207 -1.215951 0.515352
3321D_2010_319_09_0292_RGBIR 45939.687360 -3748173.502390 5477.349170 -0.545024 -0.768869 0.419355
3321D_2010_319_09_0293_RGBIR 47477.162620 -3748179.361220 5475.740530 0.131522 -0.075721 0.630532
3321D_2010_319_09_0294_RGBIR 49011.006440 -3748185.978570 5478.784000 0.419133 -0.302408 0.338288
3321D_2010_319_09_0295_RGBIR 50548.780780 -3748189.442780 5476.754280 -0.118644 -0.041222 0.639685
3321D_2010_319_09_0296_RGBIR 52082.946380 -3748191.431800 5478.976450 0.501215 -0.093641 0.407638
3321D_2010_319_09_0297_RGBIR 53618.708640 -3748208.292060 5476.765390 0.847296 0.014567 -0.150106
3321D_2010_319_09_0298_RGBIR 55155.090480 -3748230.595960 5478.488270 -0.258939 -0.482963 0.020579
3321D_2010_319_09_0299_RGBIR 56694.917420 -3748244.945880 5477.289750 0.008699 -0.418828 0.110521
3321D_2010_319_09_0300_RGBIR 58231.579620 -3748251.264850 5477.755880 -0.418343 -0.373377 0.686422
3321D_2010_319_09_0301_RGBIR 59762.520170 -3748238.880920 5477.599940 -1.138607 -0.298169 1.593245
3321D_2010_319_09_0302_RGBIR 61300.301490 -3748202.086950 5477.940900 -0.022751 -0.237115 1.977643
3321D_2010_319_09_0303_RGBIR 62839.507720 -3748190.991980 5476.962170 1.673108 0.007325 0.419461
3321D_2010_319_09_0304_RGBIR 64372.760670 -3748198.984950 5479.484300 -0.039903 -0.267153 0.463513
3321D_2010_319_09_0305_RGBIR 65912.026900 -3748196.556640 5477.138210 -0.192394 -0.112969 0.841100
3321D_2010_319_09_0306_RGBIR 67445.780710 -3748187.635510 5479.387290 -0.002484 -0.291239 0.986339
3321D_2010_319_09_0307_RGBIR 68980.910120 -3748181.580600 5479.391840 0.428742 -0.289526 0.707954
3321D_2010_319_09_0308_RGBIR 70520.060880 -3748187.694450 5478.845200 0.687275 -0.094404 0.143565
3321D_2010_319_09_0309_RGBIR 72052.705430 -3748208.896460 5479.887930 0.195761 -0.192752 -0.048846
3321D_2010_319_09_0310_RGBIR 73588.266380 -3748215.635130 5479.556580 -0.766454 -0.122741 0.699331
3321D_2010_319_09_0311_RGBIR 75123.674550 -3748201.471240 5480.813870 -0.862514 -0.226832 1.591907
3321D_2010_319_09_0312_RGBIR 76660.831460 -3748175.510090 5479.181140 0.503851 -0.165211 1.340958
3321D_2010_319_09_0313_RGBIR 78196.044540 -3748179.782170 5479.954550 1.557155 -0.230614 -0.041431
3321D_2010_319_09_0314_RGBIR 79731.111320 -3748212.881270 5480.752840 1.015642 -0.235842 -0.747738
3321D_2010_319_09_0315_RGBIR 81268.101550 -3748245.241650 5480.295990 -0.564767 -0.331593 -0.127714
3321D_2010_319_09_0316_RGBIR 82803.036550 -3748254.518250 5481.144190 -0.763193 -0.506925 0.706864
3321D_2010_319_09_0317_RGBIR 84338.961890 -3748244.966210 5481.426220 -0.758676 -0.496456 1.369298
3321D_2010_319_09_0318_RGBIR 85876.224690 -3748228.302420 5481.096440 0.598433 -0.247583 1.007854
3321D_2010_319_09_0319_RGBIR 87411.247190 -3748235.167230 5481.820320 0.698534 -0.201632 0.204288
3321D_2010_319_09_0320_RGBIR 88947.998170 -3748241.911170 5481.139300 -0.518564 -0.227574 0.861395
3321D_2010_319_09_0321_RGBIR 90483.660100 -3748222.876670 5483.034240 -1.075029 -0.274012 1.888365
3321D_2010_319_09_0322_RGBIR 92018.354440 -3748178.465890 5480.532950 -0.194347 -0.083425 2.437341
3321D_2010_319_09_0323_RGBIR 93556.021400 -3748156.476020 5481.304680 1.918093 -0.088765 0.684042
3321D_2010_319_09_0324_RGBIR 95091.522130 -3748178.063660 5482.604700 1.476091 -0.313858 -0.575935
3321D_2010_319_09_0325_RGBIR 96628.602400 -3748219.028090 5481.802520 0.523992 -0.350969 -0.941166
3321D_2010_319_10_0326_RGBIR 96622.866810 -3753088.144410 5481.703430 -0.741850 0.262435 -178.892413
3321D_2010_319_10_0327_RGBIR 95087.305290 -3753105.021650 5482.255780 0.627345 0.271025 -178.339553
3321D_2010_319_10_0328_RGBIR 93551.090670 -3753123.496260 5480.813490 -0.643234 0.179086 -179.187314
3321D_2010_319_10_0329_RGBIR 92013.891430 -3753146.713710 5481.127790 -0.508980 0.193368 -178.662853
3321D_2010_319_10_0330_RGBIR 90479.299800 -3753147.134160 5482.209290 -0.987209 0.249239 -179.983194
3321D_2010_319_10_0331_RGBIR 88941.872500 -3753111.744870 5481.299030 0.379010 0.120986 179.547280
3321D_2010_319_10_0332_RGBIR 87407.352990 -3753102.741600 5481.218950 -1.049541 0.254588 179.599949
3321D_2010_319_10_0333_RGBIR 85870.679620 -3753070.891760 5481.338250 -0.389292 0.295061 179.176390
3321D_2010_319_10_0334_RGBIR 84333.839230 -3753034.268340 5480.160710 0.250286 0.212448 179.329522
3321D_2010_319_10_0335_RGBIR 82798.699210 -3753025.736570 5480.631360 0.671629 0.088797 -179.297755
3321D_2010_319_10_0336_RGBIR 81262.378440 -3753039.169350 5481.051860 -0.318936 0.372582 -179.163803
3321D_2010_319_10_0337_RGBIR 79726.442590 -3753041.396980 5479.291280 -0.104941 0.335552 -179.345226
3321D_2010_319_10_0338_RGBIR 78190.360260 -3753052.139850 5479.613930 -0.029464 0.298880 -178.909400
3321D_2010_319_10_0339_RGBIR 76655.227590 -3753063.356140 5479.734680 -0.027655 0.199693 -179.000211
3321D_2010_319_10_0340_RGBIR 75118.973710 -3753073.555470 5479.959170 -1.134874 0.237474 -179.858031
3321D_2010_319_10_0341_RGBIR 73583.460620 -3753063.359460 5480.074640 0.659717 0.116493 -179.276917
3321D_2010_319_10_0342_RGBIR 72046.971630 -3753052.221130 5479.270500 -1.279876 0.313184 179.050092
3321D_2010_319_10_0343_RGBIR 70510.869400 -3753030.797530 5478.675700 0.600692 0.170498 -179.652662
3321D_2010_319_10_0344_RGBIR 68974.867000 -3753016.838900 5477.431850 -0.877971 0.308255 179.307140
3321D_2010_319_10_0345_RGBIR 67439.525150 -3753007.092530 5478.533470 0.909264 0.284666 -179.039209
3321D_2010_319_10_0346_RGBIR 65902.861050 -3753016.153000 5477.600420 -0.131553 0.269859 -179.223140
3321D_2010_319_10_0347_RGBIR 64363.638760 -3753035.557690 5476.967580 0.605763 0.187795 -178.358122
3321D_2010_319_10_0348_RGBIR 62827.864950 -3753057.718400 5477.009040 -0.890240 0.334873 -179.298724
3321D_2010_319_10_0349_RGBIR 61291.467210 -3753058.952800 5477.520840 -0.365199 0.261598 -179.597012
3321D_2010_319_10_0350_RGBIR 59756.840520 -3753064.915400 5478.535440 0.093819 0.341620 -178.979899
3321D_2010_319_10_0351_RGBIR 58219.306780 -3753050.380470 5476.667350 -0.935078 0.425288 179.149917
3321D_2010_319_10_0352_RGBIR 56685.292850 -3753034.194560 5475.130400 1.623206 0.041849 -178.752663
3321D_2010_319_10_0353_RGBIR 55149.091860 -3753069.341690 5474.970300 -0.829673 0.215685 -178.714048
3321D_2010_319_10_0354_RGBIR 53613.745010 -3753073.864400 5478.393270 0.027407 0.281590 -179.272072
3321D_2010_319_10_0355_RGBIR 52078.346940 -3753075.589120 5479.063720 -1.085045 0.322195 179.904074
3321D_2010_319_10_0356_RGBIR 50543.052580 -3753056.770030 5477.526620 0.925742 0.124896 -179.343985
3321D_2010_319_10_0357_RGBIR 49006.121620 -3753085.180350 5474.659290 -0.632171 0.063809 -178.869024
3321D_2010_319_10_0358_RGBIR 47470.770850 -3753085.091870 5475.864270 -0.387938 0.222700 -179.704579
3321D_2010_319_10_0359_RGBIR 45934.617700 -3753088.127600 5478.971220 0.759034 0.355397 -178.940219
3321D_2010_319_10_0360_RGBIR 44398.951050 -3753113.551260 5478.171780 -1.438650 0.512152 -179.381539
3321D_2010_319_10_0361_RGBIR 42862.449260 -3753086.561400 5476.232660 -0.343100 0.216654 179.239023
3321D_2010_319_11_0362_RGBIR 42871.136930 -3757832.894190 5622.009180 -0.386482 -0.424269 -1.365804
3321D_2010_319_11_0363_RGBIR 44408.066410 -3757863.973370 5627.234530 -0.720921 -0.520608 -0.036490
3321D_2010_319_11_0364_RGBIR 45940.618370 -3757876.829640 5623.639280 0.386352 -0.197521 0.143641
3321D_2010_319_11_0365_RGBIR 46709.475570 -3757883.400840 5626.737420 0.368229 -0.401154 0.253161
3321D_2010_319_11_0366_RGBIR 47480.408760 -3757888.354310 5623.494600 0.751389 0.016077 0.274092
3321D_2010_319_11_0367_RGBIR 49012.225710 -3757909.496450 5625.452550 0.520705 -0.166856 -0.158949
3321D_2010_319_11_0368_RGBIR 50547.593860 -3757924.461760 5622.271410 -0.364443 0.145747 0.418923
3321D_2010_319_11_0369_RGBIR 52082.609940 -3757926.518990 5626.194730 -0.040162 -0.217356 0.635462
3321D_2010_319_11_0370_RGBIR 53619.141810 -3757924.089660 5623.596560 -0.053351 -0.058469 0.909878
3321D_2010_319_11_0371_RGBIR 55154.164970 -3757914.096620 5625.379880 -0.355181 -0.316032 1.251742
3321D_2010_319_11_0372_RGBIR 56690.169940 -3757907.575220 5623.658010 1.005265 -0.076189 0.280579
3321D_2010_319_11_0373_RGBIR 58227.538330 -3757923.109080 5626.093790 0.930893 -0.132780 -0.041149
3321D_2010_319_11_0374_RGBIR 59764.164670 -3757957.976250 5626.000860 0.933556 -0.132069 -0.849218
3321D_2010_319_11_0375_RGBIR 61299.257850 -3757985.899510 5624.056210 -1.095763 -0.095456 0.147016
3321D_2010_319_11_0376_RGBIR 62833.995710 -3757974.371570 5628.234490 -1.647032 -0.452383 1.607014
3321D_2010_319_11_0377_RGBIR 64372.131600 -3757932.584940 5625.438800 -0.104696 0.110215 2.284592
3321D_2010_319_11_0378_RGBIR 65907.184860 -3757905.998260 5627.626860 0.385403 -0.116377 1.614741
3321D_2010_319_11_0379_RGBIR 67444.010640 -3757879.221270 5626.116780 0.020959 -0.221310 1.712830
3321D_2010_319_11_0380_RGBIR 68979.256230 -3757849.357750 5626.527050 -0.439032 -0.317616 2.083087
3321D_2010_319_11_0381_RGBIR 70516.985710 -3757818.597460 5627.500940 1.195498 -0.031119 1.406805
3321D_2010_319_11_0382_RGBIR 72052.120180 -3757815.888230 5627.495130 1.455149 -0.037925 0.166325
3321D_2010_319_11_0383_RGBIR 73587.679840 -3757838.815380 5627.005810 0.719752 -0.115226 -0.588307
3321D_2010_319_11_0384_RGBIR 75124.585310 -3757855.886950 5627.061100 -0.640022 -0.195621 0.278828
3321D_2010_319_11_0385_RGBIR 76660.512860 -3757850.852750 5628.223680 -0.723367 -0.246394 1.110670
3321D_2010_319_11_0386_RGBIR 78195.139680 -3757836.218660 5628.897500 0.843754 0.056856 0.738030
3321D_2010_319_11_0387_RGBIR 79732.232240 -3757850.498270 5627.378580 0.933888 -0.012207 -0.280239
3321D_2010_319_11_0388_RGBIR 81267.776430 -3757878.646900 5628.260120 0.267563 -0.159674 -0.543452
3321D_2010_319_11_0389_RGBIR 82802.129840 -3757901.467830 5629.065580 -0.565401 -0.312732 0.076979
3321D_2010_319_11_0390_RGBIR 84338.674740 -3757898.878240 5628.701020 -0.736287 -0.328722 0.881056
3321D_2010_319_11_0391_RGBIR 85875.598890 -3757886.382720 5627.613490 0.425261 -0.170250 0.915398
3321D_2010_319_11_0392_RGBIR 87410.260280 -3757893.677060 5628.764980 0.869939 -0.336591 -0.039188
3321D_2010_319_11_0393_RGBIR 88945.983380 -3757918.268150 5628.169010 0.285057 -0.253698 -0.423269
3321D_2010_319_11_0394_RGBIR 90483.221030 -3757927.388940 5629.070270 -1.387140 -0.504448 0.973808
3321D_2010_319_11_0395_RGBIR 92024.989160 -3757897.513730 5629.646810 -1.131471 -0.401276 2.206607
3321D_2010_319_11_0396_RGBIR 93555.623000 -3757863.578620 5629.241480 0.868867 -0.170375 1.442327
3321D_2010_319_11_0397_RGBIR 95091.798570 -3757852.522530 5629.142700 0.907771 -0.173823 0.783486
3321D_2010_319_11_0398_RGBIR 96633.164350 -3757856.090380 5630.723150 0.344225 -0.301644 0.446306
3321D_2010_319_12_0399_RGBIR 42868.130270 -3762838.259570 5267.376490 -5.141118 -0.235965 0.149053
3321D_2010_319_12_0400_RGBIR 44404.607040 -3762807.418800 5281.912630 -1.990907 -0.863484 2.691217
3321D_2010_319_12_0401_RGBIR 45941.496070 -3762738.773500 5297.485740 0.513220 -0.865469 3.505964
3321D_2010_319_12_0402_RGBIR 47476.797560 -3762701.618680 5297.309660 2.836775 -0.112181 1.371069
3321D_2010_319_12_0403_RGBIR 49013.465860 -3762690.878570 5299.623420 1.263129 -0.334417 1.133052
3321D_2010_319_12_0404_RGBIR 50547.868700 -3762688.469050 5298.472340 1.939972 -0.158273 0.180026
3321D_2010_319_12_0405_RGBIR 52084.169790 -3762716.293770 5299.618870 1.262288 -0.174034 -0.948861
3321D_2010_319_12_0406_RGBIR 53618.586350 -3762734.603450 5299.779790 -1.026677 -0.274370 0.445101
3321D_2010_319_12_0407_RGBIR 55156.415590 -3762729.034340 5300.821340 -0.099433 -0.249641 0.812458
3321D_2010_319_12_0408_RGBIR 56690.531040 -3762734.118750 5299.755500 0.458612 -0.119823 0.325513
3321D_2010_319_12_0409_RGBIR 58228.309100 -3762746.691120 5301.213770 0.813304 -0.032871 -0.320478
3321D_2010_319_12_0410_RGBIR 59763.177080 -3762776.712040 5300.436340 0.299719 -0.100603 -0.545161
3321D_2010_319_12_0411_RGBIR 61299.917200 -3762796.892060 5301.349810 -1.162411 -0.239406 0.452338
3321D_2010_319_12_0412_RGBIR 62834.364820 -3762778.217780 5300.891460 -1.867707 -0.361072 2.124464
3321D_2010_319_12_0413_RGBIR 64370.697960 -3762717.745720 5300.668640 -0.596949 -0.293924 3.053890
3321D_2010_319_12_0414_RGBIR 65908.049790 -3762666.372660 5301.429140 0.860018 -0.027465 2.207157
3321D_2010_319_12_0415_RGBIR 67442.903580 -3762642.160930 5302.431250 1.384197 -0.093255 1.040552
3321D_2010_319_12_0416_RGBIR 68979.885850 -3762644.228220 5300.588170 1.461896 0.066512 0.048673
3321D_2010_319_12_0417_RGBIR 70515.002880 -3762670.143030 5302.023660 0.860659 -0.179910 -0.697333
3321D_2010_319_12_0418_RGBIR 72052.027690 -3762693.498310 5302.430890 0.377413 -0.215573 -0.510340
3321D_2010_319_12_0419_RGBIR 73592.060320 -3762727.832210 5301.685880 0.148198 -0.230818 -0.939832
3321D_2010_319_12_0420_RGBIR 75122.777370 -3762740.615680 5302.226280 -1.683648 -0.373314 0.774525
3321D_2010_319_12_0421_RGBIR 76659.973510 -3762720.968080 5302.533780 -0.700244 -0.255083 1.404628
3321D_2010_319_12_0422_RGBIR 78199.208050 -3762713.441380 5303.514750 1.420518 -0.074276 0.175078
3321D_2010_319_12_0423_RGBIR 79733.331050 -3762736.478440 5303.280030 0.597393 -0.181459 -0.439077
3321D_2010_319_12_0424_RGBIR 81272.163410 -3762753.598800 5304.114060 -0.500163 -0.190956 0.241256
3321D_2010_319_12_0425_RGBIR 82806.803830 -3762755.124820 5304.963280 -0.413563 -0.282541 0.654000
3321D_2010_319_12_0426_RGBIR 84342.080490 -3762739.915030 5302.791080 -0.509428 -0.258779 1.320565
3321D_2010_319_12_0427_RGBIR 85875.294970 -3762713.128960 5306.454400 -0.482506 -0.406187 1.775684
3321D_2010_319_12_0428_RGBIR 87413.261520 -3762698.486150 5302.916960 1.766098 0.063134 0.308606
3321D_2010_319_12_0429_RGBIR 88947.893330 -3762729.154000 5306.251350 1.575256 -0.196371 -1.099014
3321D_2010_319_12_0430_RGBIR 90482.797120 -3762771.755440 5304.596940 0.043148 -0.306864 -0.939393
3321D_2010_319_12_0431_RGBIR 92019.519880 -3762794.894860 5304.743990 -0.932532 -0.367060 0.052629
3321D_2010_319_12_0432_RGBIR 93555.518250 -3762784.650850 5306.164180 -0.976825 -0.493562 1.162870
3321D_2010_319_12_0433_RGBIR 95090.657600 -3762760.337480 5304.526780 -0.805999 -0.298558 1.660817
3321D_2010_319_12_0434_RGBIR 96627.781920 -3762725.200450 5305.673350 -0.166436 -0.380952 1.919121
3321D_2010_319_13_0435_RGBIR 46268.043750 -3767192.701690 5635.948420 -0.095435 1.893111 91.927604
3321D_2010_319_13_0436_RGBIR 46248.058700 -3765658.399640 5632.039110 0.045799 0.830634 91.014072
3321D_2010_319_13_0437_RGBIR 46240.278650 -3764119.502130 5633.082460 0.238934 0.196981 90.806788
3321D_2010_319_13_0438_RGBIR 46229.526790 -3762587.289320 5635.072470 0.429804 0.359187 90.726365
3321D_2010_319_13_0439_RGBIR 46250.043490 -3761051.597880 5633.419680 0.264182 1.148579 88.896765
3321D_2010_319_13_0440_RGBIR 46286.102880 -3759515.239050 5632.949820 0.346181 -0.591903 89.611674
3321D_2010_319_13_0441_RGBIR 46282.351360 -3757980.153070 5636.353190 0.478931 -1.110793 91.255657
3321D_2010_319_13_0442_RGBIR 46244.370980 -3756445.380970 5636.848530 0.245705 0.188067 91.868709
3321D_2010_319_13_0443_RGBIR 46229.066970 -3754909.296320 5633.625880 0.011703 0.687207 90.640414
3321D_2010_319_13_0444_RGBIR 46234.297070 -3753372.982720 5636.042610 0.156692 0.041467 90.365694
3321D_2010_319_13_0445_RGBIR 46233.646160 -3751837.530410 5637.563980 0.430435 -0.423917 90.847309
3321D_2010_319_13_0446_RGBIR 46233.516240 -3750301.209110 5633.801450 0.006191 0.467953 90.126617
3321D_2010_319_13_0447_RGBIR 46248.144920 -3748764.617000 5635.756450 -0.052241 0.323915 89.692946
3321D_2010_319_13_0448_RGBIR 46277.185320 -3747228.907700 5638.015040 0.278979 0.589238 89.159275
3321D_2010_319_13_0449_RGBIR 46315.927230 -3745692.412990 5635.400400 0.141249 0.318226 89.034103
3321D_2010_319_13_0450_RGBIR 46342.294550 -3744157.101930 5637.393320 0.200957 -0.713677 90.043708
3321D_2010_319_13_0451_RGBIR 46339.193330 -3742620.909570 5637.381400 0.195639 -0.229387 90.764617
3321D_2010_319_13_0452_RGBIR 46334.376490 -3741083.914600 5636.852770 0.223060 -0.105163 90.791274
3321D_2010_319_13_0453_RGBIR 46313.885100 -3739547.673230 5636.825980 0.234881 -0.340968 91.578629
3321D_2010_319_13_0454_RGBIR 46309.306450 -3738011.954340 5637.845430 0.030857 0.946677 90.174733
3321D_2010_319_13_0455_RGBIR 46313.800560 -3736474.424860 5638.763170 0.357796 -0.086809 90.567859
3321D_2010_319_13_0456_RGBIR 46332.840160 -3734940.549700 5637.064180 -0.056394 1.126780 89.057152
3321D_2010_319_13_0457_RGBIR 46358.751460 -3733404.280090 5639.717170 0.355446 -0.242207 89.824163
3321D_2010_319_13_0458_RGBIR 46378.884020 -3731868.593880 5637.322080 0.134121 0.260639 89.587466
3321D_2010_319_13_0459_RGBIR 46407.332490 -3730332.468230 5638.388920 0.169623 -0.559352 89.747731
3321D_2010_319_13_0460_RGBIR 46420.859230 -3728797.023100 5640.399830 0.270760 -0.237778 89.895937
3321D_2010_319_13_0461_RGBIR 46419.124680 -3727260.666490 5639.761540 0.326118 -0.738039 91.032980
3321D_2010_319_13_0462_RGBIR 46401.759170 -3725720.877860 5638.080000 -0.070503 0.351199 90.794997
3321D_2010_319_13_0463_RGBIR 46394.242830 -3724953.473960 5640.425260 0.334970 -0.550868 91.188785
3321D_2010_319_13_0464_RGBIR 46377.667240 -3724188.927630 5640.495030 0.337257 -0.568498 91.891700
3321D_2010_319_13_0465_RGBIR 46363.061900 -3723421.267870 5639.306880 0.075395 1.123621 91.131022
3321D_2010_319_13_0466_RGBIR 46366.361090 -3722649.116620 5640.433170 0.059623 1.558355 90.008224
3321D_2010_319_13_0467_RGBIR 46388.096550 -3721112.474140 5640.327570 0.219989 0.264824 89.621902
3321D_2010_319_13_0468_RGBIR 46395.287580 -3719578.012660 5641.235290 0.560214 -0.980463 90.819345
3321D_2010_319_13_0469_RGBIR 46388.009680 -3718040.697640 5640.962540 0.232709 0.528915 90.500706
3321D_2010_319_13_0470_RGBIR 46392.865370 -3716506.125590 5641.408110 0.424171 -0.180939 90.441887
3321D_2010_319_13_0471_RGBIR 46395.084180 -3714968.648620 5642.346710 0.457407 0.227777 90.312673
3321D_2010_319_13_0472_RGBIR 46402.873370 -3713434.962660 5641.544690 0.362926 0.315588 90.214619
3321D_2010_319_13_0473_RGBIR 46412.071650 -3711900.168810 5642.176430 0.271726 0.128148 90.125909
3321D_2010_319_13_0474_RGBIR 46425.750130 -3710363.838760 5642.647340 0.340499 0.108942 89.884029
3321D_2010_319_13_0475_RGBIR 46436.611740 -3708827.688930 5640.778470 0.249355 0.277805 90.016383
3321D_2010_319_13_0476_RGBIR 46459.036600 -3707291.523170 5643.860830 0.418922 0.090425 89.583145
3321D_2010_319_13_0477_RGBIR 46467.021290 -3705755.716020 5643.354850 0.475059 -0.172809 90.416826
3321D_2010_319_14_0478_RGBIR 92378.266480 -3767266.041850 5470.308850 0.765410 -0.272875 90.913185
3321D_2010_319_14_0479_RGBIR 92373.948390 -3765730.782860 5470.899450 0.682454 0.558219 90.440259
3321D_2010_319_14_0480_RGBIR 92374.017720 -3764194.255710 5469.301970 0.384964 0.547538 90.399646
3321D_2010_319_14_0481_RGBIR 92398.728010 -3762658.258840 5470.584970 0.507844 0.387930 89.535950
3321D_2010_319_14_0482_RGBIR 92415.243180 -3761122.792950 5471.850240 0.254010 -0.419686 90.331578
3321D_2010_319_14_0483_RGBIR 92424.715860 -3759587.312810 5472.359060 0.015811 0.809350 89.653336
3321D_2010_319_14_0484_RGBIR 92448.407750 -3758051.515930 5472.311060 0.494255 -0.921125 90.180015
3321D_2010_319_14_0485_RGBIR 92439.662610 -3756514.593640 5473.081280 0.545416 -0.087570 90.925511
3321D_2010_319_14_0486_RGBIR 92441.954280 -3754979.820490 5475.148990 0.070807 0.402774 90.148360
3321D_2010_319_14_0487_RGBIR 92465.486570 -3753442.573710 5476.124010 -0.229651 0.391294 89.336123
3321D_2010_319_14_0488_RGBIR 92494.093140 -3751906.426130 5475.234410 -0.316232 0.688185 89.133601
3321D_2010_319_14_0489_RGBIR 92532.597000 -3750371.326350 5474.948000 0.407235 -1.009930 89.747104
3321D_2010_319_14_0490_RGBIR 92543.490800 -3748835.833010 5476.502270 0.600567 -0.169204 90.140426
3321D_2010_319_14_0491_RGBIR 92558.128220 -3747299.536080 5477.582600 0.173459 0.188051 89.767012
3321D_2010_319_14_0492_RGBIR 92580.016820 -3745764.263490 5476.702100 -0.048688 -0.064163 89.724063
3321D_2010_319_14_0493_RGBIR 92593.957770 -3744227.911410 5476.399340 0.035030 0.317226 90.051104
3321D_2010_319_14_0494_RGBIR 92622.858240 -3742689.216830 5474.583820 0.575872 0.109253 89.405728
3321D_2010_319_14_0495_RGBIR 92646.505610 -3741156.594620 5478.494650 0.675244 -0.275272 89.765763
3321D_2010_319_14_0496_RGBIR 92645.006900 -3739617.326990 5477.522760 0.541610 -0.842639 91.131048
3321D_2010_319_14_0497_RGBIR 92621.334210 -3738081.695290 5477.733710 -0.014432 0.940285 90.724125
3321D_2010_319_14_0498_RGBIR 92638.989270 -3736548.592280 5478.438750 -0.106231 0.033994 89.829073
3321D_2010_319_14_0499_RGBIR 92642.552390 -3735008.560280 5481.126420 0.285069 -0.111617 90.426002
3321D_2010_319_14_0500_RGBIR 92641.925040 -3733475.439230 5482.011050 0.053525 0.331918 90.223026
3321D_2010_319_14_0501_RGBIR 92642.177820 -3731939.026540 5481.768340 -0.376899 0.246931 90.345179
3321D_2010_319_14_0502_RGBIR 92664.131930 -3730404.187980 5484.077280 -0.689781 0.983678 89.042315
3321D_2010_319_14_0503_RGBIR 92685.348900 -3728866.864910 5478.006950 -0.187647 -0.911464 90.385953
3321D_2010_319_14_0504_RGBIR 92690.668640 -3727332.757490 5481.139180 1.233245 0.702130 89.960767
3321D_2010_319_14_0505_RGBIR 92732.144970 -3725796.864850 5480.055390 0.989455 0.623031 88.509931
3321D_2010_319_14_0506_RGBIR 92781.812700 -3724261.292680 5481.014700 0.411276 -0.066402 88.610895
3321D_2010_319_14_0507_RGBIR 92826.972990 -3722725.598380 5480.936190 0.320181 -0.216845 89.149611
3321D_2010_319_14_0508_RGBIR 92850.152780 -3721189.449510 5480.142890 0.461008 -0.619000 90.035018
3321D_2010_319_14_0509_RGBIR 92854.404110 -3719653.992030 5480.758900 0.564693 -0.477361 90.523215
3321D_2010_319_14_0510_RGBIR 92844.456290 -3718117.990130 5481.317920 0.639287 -0.484127 91.144526
3321D_2010_319_14_0511_RGBIR 92840.240350 -3716582.065430 5484.588350 0.321640 0.615129 90.229578
3321D_2010_319_14_0512_RGBIR 92853.415300 -3715045.402730 5484.218540 -0.100164 0.387803 89.930623
3321D_2010_319_14_0513_RGBIR 92861.501460 -3713509.905000 5488.352050 -0.243778 -0.536289 90.551498
3321D_2010_319_14_0514_RGBIR 92856.121320 -3711973.387350 5486.753230 -1.078254 0.635415 90.382876
3321D_2010_319_14_0515_RGBIR 92863.856410 -3710437.883160 5484.725710 -0.103334 0.217436 90.244508
3321D_2010_319_14_0516_RGBIR 92880.121050 -3708899.799500 5482.684600 0.921247 0.723043 89.377297
3321D_2010_319_14_0517_RGBIR 92928.341860 -3707366.283770 5483.648680 0.771826 0.955719 88.332742
3321D_2010_319_14_0518_RGBIR 92985.369770 -3705830.481700 5486.127990 0.061450 -0.761277 88.968035
