3321C_2010_318_01_0001_RGB 49136.934330
-3.710159e+006 5584.930320
-1.258743e+000 0.402587
1.798562e+002 3321C_2010_318_01_0001_RGB 49136.934330
-3.710159e+006 5584.930320
-1.258743e+000 0.402587
1.798562e+002 3321C_2010_318_01_49137_RGB 47603.447750
-3.710136e+006 5585.784520
-1.588800e-002 0.490506
1.798225e+002 3321C_2010_318_01_-3710159_RGB 46065.430050
-3.710115e+006 5584.777040
-2.515000e-003 0.575526
1.797543e+002 3321C_2010_318_01_5585_RGB 44530.763420
-3.710103e+006 5584.728840
2.069300e-002 0.474380
-1.797337e+002 3321C_2010_318_01_-001_RGB 42997.676240
-3.710080e+006 5583.835190
-1.311830e-001 0.338669
1.796768e+002 3321C_2010_318_01_0000_RGB 41458.965040
-3.710060e+006 5583.506850
9.748000e-002 0.268166
-1.799519e+002 3321C_2010_318_01_0180_RGB 39924.353290
-3.710046e+006 5584.030960
1.153386e+000 0.122679
-1.791731e+002 046070 -0.713618 0.236583 -179.414957
3321C_2010_318_01_0010_RGB 35316.883310 -3710058.940130 5582.375220 -0.155133 0.284939 -179.651302
3321C_2010_318_01_0011_RGB 33781.498170 -3710054.549300 5585.317320 0.170436 0.391922 -179.440823
3321C_2010_318_01_0012_RGB 32245.136760 -3710059.479980 5583.731870 -0.782296 0.393250 -179.486205
3321C_2010_318_01_0013_RGB 30709.110340 -3710034.349530 5583.233820 -0.713271 0.442542 179.486023
3321C_2010_318_01_0014_RGB 29173.622220 -3710018.533910 5584.041830 1.598038 0.095334 -178.715148
3321C_2010_318_01_0015_RGB 27637.508100 -3710045.241360 5584.778250 -1.008506 0.195916 -178.912506
3321C_2010_318_01_0016_RGB 26100.743350 -3710039.745850 5583.405610 0.311755 0.371783 -179.279722
3321C_2010_318_01_0017_RGB 24564.548810 -3710055.863750 5583.071380 0.039516 0.281256 -178.549021
3321C_2010_318_01_0018_RGB 23028.144490 -3710071.433750 5584.257780 -0.031425 0.474592 -178.503830
3321C_2010_318_01_0019_RGB 21493.237750 -3710103.101060 5583.594890 -0.191530 0.197017 -178.158482
3321C_2010_318_01_0020_RGB 19957.167700 -3710111.326160 5584.033670 -0.512089 0.294761 -179.281597
3321C_2010_318_01_0021_RGB 18419.999440 -3710111.943650 5582.095830 -0.494768 0.174864 -179.341540
3321C_2010_318_01_0022_RGB 16883.983470 -3710095.786000 5584.586120 -0.371788 0.302059 179.852315
3321C_2010_318_01_0023_RGB 15348.116420 -3710073.157430 5583.034750 -0.336620 0.224152 179.693656
3321C_2010_318_01_0024_RGB 13812.840550 -3710042.065270 5583.136000 0.735225 0.051739 179.826937
3321C_2010_318_01_0025_RGB 12276.950560 -3710062.708730 5584.764800 0.283736 0.156096 -178.214480
3321C_2010_318_01_0026_RGB 10740.872540 -3710077.446440 5583.078140 -0.562901 0.003456 -179.101955
3321C_2010_318_01_0027_RGB 9203.639110 -3710090.029050 5583.368010 0.544324 0.128313 -178.579466
3321C_2010_318_01_0028_RGB 7665.187500 -3710105.556870 5584.037940 -1.287542 0.422188 -179.456107
3321C_2010_318_01_0029_RGB 6132.129630 -3710079.607990 5582.250520 -0.712161 0.253486 179.427333
3321C_2010_318_01_0030_RGB 4593.306300 -3710064.924310 5583.815100 0.556732 0.212687 -179.531545
3321C_2010_318_01_0031_RGB 3057.265510 -3710050.541940 5583.568430 -0.770810 0.363416 179.545558
3321C_2010_318_01_0032_RGB 1521.189740 -3710048.119390 5582.915170 0.858439 0.099108 -178.913193
3321C_2010_318_01_0033_RGB -13.156550 -3710064.701700 5582.709940 0.175448 0.012389 -178.611539
3321C_2010_318_01_0034_RGB -1548.303830 -3710085.846870 5583.431490 -0.547949 0.272432 -178.661346
3321C_2010_318_01_0035_RGB -3083.239160 -3710096.667340 5583.235970 0.001652 0.226786 -178.920754
3321C_2010_318_02_0036_RGB -3075.541950 -3715176.592220 5678.413170 2.269345 -0.135878 0.676549
3321C_2010_318_02_0037_RGB -1540.354150 -3715202.194510 5678.029480 1.258333 -0.289860 0.163440
3321C_2010_318_02_0038_RGB -4.695630 -3715210.696730 5676.267620 0.886473 -0.205722 0.951604
3321C_2010_318_02_0039_RGB 1530.521170 -3715218.693770 5678.427910 1.748056 -0.276477 0.024214
3321C_2010_318_02_0040_RGB 3066.283490 -3715262.776210 5677.363280 0.271265 -0.363535 -0.845276
3321C_2010_318_02_0041_RGB 4601.993370 -3715285.375640 5676.941910 -1.768203 -0.250086 0.757079
3321C_2010_318_02_0042_RGB 6138.616350 -3715263.555200 5678.380390 0.065303 -0.253011 1.569065
3321C_2010_318_02_0043_RGB 7673.328800 -3715255.664500 5677.242850 -0.458384 -0.128391 1.378206
3321C_2010_318_02_0044_RGB 9212.867460 -3715224.148530 5678.042240 -0.079902 -0.231571 1.948334
3321C_2010_318_02_0045_RGB 10748.939170 -3715207.300730 5677.511520 0.785264 -0.179349 1.149247
3321C_2010_318_02_0046_RGB 12281.411310 -3715203.418500 5676.154200 0.689286 -0.032325 0.703463
3321C_2010_318_02_0047_RGB 13817.702540 -3715224.742620 5679.009170 1.616742 -0.109486 -0.845873
3321C_2010_318_02_0048_RGB 15357.310620 -3715253.864680 5677.702990 -1.608128 -0.119863 0.703592
3321C_2010_318_02_0049_RGB 16893.210020 -3715235.622190 5677.840180 -0.687732 -0.054346 1.538450
3321C_2010_318_02_0050_RGB 18429.688900 -3715201.552390 5679.063140 -0.723515 -0.362703 2.379188
3321C_2010_318_02_0051_RGB 19963.296860 -3715168.618710 5677.828370 1.288687 -0.188822 1.329907
3321C_2010_318_02_0052_RGB 21497.823090 -3715192.775970 5677.696620 1.700788 -0.303276 -0.836639
3321C_2010_318_02_0053_RGB 23036.152540 -3715226.173460 5677.662300 -0.343875 -0.227718 0.029143
3321C_2010_318_02_0054_RGB 24570.024320 -3715221.667720 5677.794180 -2.174742 -0.212067 2.092759
3321C_2010_318_02_0055_RGB 26105.797680 -3715175.728510 5678.338570 0.608510 -0.161486 2.118389
3321C_2010_318_02_0056_RGB 27642.469650 -3715174.575490 5678.304660 1.602617 -0.212346 -0.071451
3321C_2010_318_02_0057_RGB 29178.815980 -3715201.853840 5677.828750 0.389726 -0.049231 -0.255926
3321C_2010_318_02_0058_RGB 30714.818900 -3715214.353570 5677.826930 -1.278493 -0.246290 1.026496
3321C_2010_318_02_0059_RGB 32250.501060 -3715199.187650 5678.705500 0.683374 -0.233285 0.990648
3321C_2010_318_02_0060_RGB 33786.627930 -3715208.571460 5677.857240 1.075367 -0.173096 -0.132147
3321C_2010_318_02_0061_RGB 35320.680700 -3715238.840460 5678.128400 -0.765376 -0.161259 0.037736
3321C_2010_318_02_0062_RGB 36858.191790 -3715220.775890 5679.055580 -1.800275 -0.385795 2.230858
3321C_2010_318_02_0063_RGB 38394.440700 -3715176.854100 5676.815970 1.133153 -0.007191 1.859687
3321C_2010_318_02_0064_RGB 39928.854370 -3715177.051310 5678.423230 1.857728 -0.234064 -0.045719
3321C_2010_318_02_0065_RGB 41465.729440 -3715195.167320 5677.876950 -1.249961 -0.249215 0.926906
3321C_2010_318_02_0066_RGB 43002.403120 -3715180.649400 5678.107580 0.494369 -0.045101 1.069046
3321C_2010_318_02_0067_RGB 44540.078570 -3715187.312000 5677.792140 0.439722 -0.125377 0.419649
3321C_2010_318_02_0068_RGB 46074.327890 -3715187.907170 5678.696560 -0.182531 -0.273196 0.666466
3321C_2010_318_02_0069_RGB 47610.616570 -3715191.564960 5677.741690 0.535216 -0.250357 0.347902
3321C_2010_318_02_0070_RGB 49146.183230 -3715207.437470 5677.533590 0.094294 -0.267293 0.291558
3321C_2010_318_03_0071_RGB 49137.378990 -3720420.234920 5678.136550 -0.535777 0.117772 -178.610311
3321C_2010_318_03_0072_RGB 47601.492020 -3720453.999100 5676.951440 -0.545581 -0.000018 -178.695284
3321C_2010_318_03_0073_RGB 46067.449040 -3720458.246870 5679.247730 -0.456051 0.256729 -179.539309
3321C_2010_318_03_0074_RGB 44531.878860 -3720475.562210 5676.995970 0.222144 0.049372 -178.711228
3321C_2010_318_03_0075_RGB 42995.919410 -3720473.676230 5676.785580 -0.625246 -0.036275 179.979476
3321C_2010_318_03_0076_RGB 41460.857320 -3720476.394360 5677.899780 0.500448 0.180894 -179.093255
3321C_2010_318_03_0077_RGB 39924.649490 -3720460.228390 5677.332000 -1.190481 0.264555 178.976435
3321C_2010_318_03_0078_RGB 38387.821840 -3720435.055370 5678.499670 1.317105 0.274023 -179.520836
3321C_2010_318_03_0079_RGB 36853.314610 -3720445.602580 5677.915920 0.229999 0.263129 -179.211743
3321C_2010_318_03_0080_RGB 35317.351430 -3720457.268320 5677.072060 0.163962 0.079192 -179.005359
3321C_2010_318_03_0081_RGB 33779.818780 -3720489.001940 5677.838090 -0.543478 0.161650 -178.849094
3321C_2010_318_03_0082_RGB 32244.050010 -3720481.715160 5678.434080 -2.011240 0.362931 179.000700
3321C_2010_318_03_0083_RGB 30709.513490 -3720429.506210 5676.513150 0.262441 0.155030 178.695140
3321C_2010_318_03_0084_RGB 29172.814970 -3720421.617310 5678.235490 1.187213 0.121626 -179.233237
3321C_2010_318_03_0085_RGB 27636.118300 -3720428.578240 5677.775040 -0.293143 0.108917 -179.556542
3321C_2010_318_03_0086_RGB 26100.211460 -3720433.228560 5677.838890 0.240087 0.075882 -179.313287
3321C_2010_318_03_0087_RGB 24565.573710 -3720443.230480 5678.388250 -0.230869 0.194224 -179.362440
3321C_2010_318_03_0088_RGB 23028.838810 -3720439.035420 5677.056480 -0.531165 0.295599 -179.896687
3321C_2010_318_03_0089_RGB 21492.148410 -3720426.121590 5678.437940 -0.538327 0.404496 179.689359
3321C_2010_318_03_0090_RGB 19957.399540 -3720410.798470 5677.218180 0.671000 0.246229 -179.819692
3321C_2010_318_03_0091_RGB 18421.511630 -3720412.119310 5677.342420 -0.276104 0.228033 -179.720085
3321C_2010_318_03_0092_RGB 16884.942770 -3720395.637690 5676.438350 -0.210890 0.285644 179.647997
3321C_2010_318_03_0093_RGB 15348.297840 -3720388.437120 5678.971380 0.111243 0.381490 -179.708846
3321C_2010_318_03_0094_RGB 13809.009600 -3720405.652900 5676.664230 0.983372 0.169471 -178.214920
3321C_2010_318_03_0095_RGB 12276.038870 -3720438.919950 5677.383150 -0.895767 0.163024 -178.982410
3321C_2010_318_03_0096_RGB 10740.884770 -3720453.653720 5677.035800 -0.345780 0.057855 -179.109250
3321C_2010_318_03_0097_RGB 9203.431410 -3720453.110210 5679.008410 -1.103923 0.272440 179.839738
3321C_2010_318_03_0098_RGB 7665.428740 -3720456.399590 5676.318300 0.899804 0.219056 -178.684695
3321C_2010_318_03_0099_RGB 6132.553150 -3720472.919420 5677.499120 -0.678201 0.224678 -179.599630
3321C_2010_318_03_0100_RGB 4597.186470 -3720469.536060 5676.904420 -0.096339 0.170826 -179.758558
3321C_2010_318_03_0101_RGB 3059.482870 -3720464.534790 5677.989940 0.415411 0.107625 -179.622733
3321C_2010_318_03_0102_RGB 1525.758160 -3720470.578450 5677.551190 -0.457537 0.216495 -179.670179
3321C_2010_318_03_0103_RGB -10.823610 -3720459.017960 5676.293080 -0.460681 0.264426 179.658763
3321C_2010_318_03_0104_RGB -1545.905440 -3720439.382980 5677.527540 -0.000051 0.112154 179.536943
3321C_2010_318_03_0105_RGB -3083.617020 -3720429.172850 5678.564600 -0.589570 0.200172 179.601727
3321C_2010_318_04_0106_RGB -3075.534160 -3725472.037650 5677.961550 0.029364 -0.227668 0.748840
3321C_2010_318_04_0107_RGB -1534.054140 -3725464.063720 5678.866340 0.764410 -0.214081 0.833941
3321C_2010_318_04_0108_RGB -4.269780 -3725475.689250 5676.942130 0.148585 -0.231670 0.280635
3321C_2010_318_04_0109_RGB 1531.067330 -3725464.875390 5677.181090 -0.852645 -0.223998 1.537715
3321C_2010_318_04_0110_RGB 3070.462020 -3725436.273780 5677.081690 0.072687 -0.154733 1.810153
3321C_2010_318_04_0111_RGB 4602.568860 -3725412.902410 5676.839830 0.321131 -0.190766 1.492348
3321C_2010_318_04_0112_RGB 6142.077680 -3725391.589810 5677.380850 0.356241 -0.186780 1.350581
3321C_2010_318_04_0113_RGB 7678.256530 -3725400.251350 5678.308500 2.330499 -0.092656 -0.787435
3321C_2010_318_04_0114_RGB 9213.798640 -3725442.675770 5675.486370 -0.974072 -0.122926 -0.223768
3321C_2010_318_04_0115_RGB 10749.510540 -3725436.509360 5677.780830 -1.316380 -0.312445 1.470398
3321C_2010_318_04_0116_RGB 12281.850000 -3725422.164220 5677.182360 0.291153 -0.212261 0.997129
3321C_2010_318_04_0117_RGB 13818.427170 -3725416.890020 5676.920520 1.405343 -0.154364 0.217177
3321C_2010_318_04_0118_RGB 15354.921120 -3725450.142990 5677.421370 -0.314596 -0.164510 -0.352546
3321C_2010_318_04_0119_RGB 16888.691550 -3725445.579600 5676.812090 -1.156295 -0.171950 1.442109
3321C_2010_318_04_0120_RGB 18424.865450 -3725414.729160 5677.151130 -0.437350 -0.256099 1.990162
3321C_2010_318_04_0121_RGB 19961.269950 -3725394.182690 5678.369280 2.127146 -0.175879 0.255861
3321C_2010_318_04_0122_RGB 21498.801550 -3725426.743830 5678.263970 0.570906 -0.236179 -0.804445
3321C_2010_318_04_0123_RGB 23034.471490 -3725439.672420 5676.778260 -1.359917 -0.337568 1.038339
3321C_2010_318_04_0124_RGB 24570.280960 -3725409.623500 5677.576910 0.253235 -0.282075 1.725718
3321C_2010_318_04_0125_RGB 26105.813640 -3725398.388890 5676.526640 0.746902 -0.173407 0.759595
3321C_2010_318_04_0126_RGB 27642.190430 -3725423.222550 5677.657310 1.768732 -0.251552 -1.198790
3321C_2010_318_04_0127_RGB 29178.016700 -3725454.761340 5677.358980 -1.083815 -0.250455 0.241695
3321C_2010_318_04_0128_RGB 30714.052010 -3725441.288630 5677.195560 -1.327142 -0.245251 1.722143
3321C_2010_318_04_0129_RGB 32250.545550 -3725389.941330 5677.633170 -1.137902 -0.281995 2.855480
3321C_2010_318_04_0130_RGB 33786.651620 -3725341.027180 5677.239750 1.522822 -0.099941 1.725584
3321C_2010_318_04_0131_RGB 35322.469880 -3725356.339670 5676.164930 3.114506 -0.071358 -1.288024
3321C_2010_318_04_0132_RGB 36858.488530 -3725422.162640 5677.553760 0.523421 -0.272876 -1.711567
3321C_2010_318_04_0133_RGB 38394.632750 -3725457.732540 5676.613790 -1.528909 -0.136154 0.249992
3321C_2010_318_04_0134_RGB 39928.454610 -3725451.443420 5677.464910 -0.759209 -0.312641 1.080273
3321C_2010_318_04_0135_RGB 41464.780240 -3725436.060080 5677.137060 0.087640 -0.286311 1.052353
3321C_2010_318_04_0136_RGB 43000.741920 -3725437.308120 5677.271200 0.436605 -0.243419 0.240516
3321C_2010_318_04_0137_RGB 44536.889440 -3725445.749850 5677.980380 -0.559022 -0.405403 0.702509
3321C_2010_318_04_0138_RGB 46073.016070 -3725424.703980 5677.671300 -0.666364 -0.267156 1.767361
3321C_2010_318_04_0139_RGB 47609.013360 -3725389.679740 5676.668560 -0.095821 -0.103338 1.971776
3321C_2010_318_04_0140_RGB 49145.684590 -3725377.627360 5677.585440 1.932056 -0.079830 0.073836
3321C_2010_318_05_0141_RGB 49139.801550 -3730407.574560 5478.832600 0.303343 0.322148 -178.698784
3321C_2010_318_05_0142_RGB 47603.525400 -3730433.580770 5478.921260 0.870081 0.306301 -178.240132
3321C_2010_318_05_0143_RGB 46068.379430 -3730463.362510 5479.134270 -0.612689 0.213318 -178.833277
3321C_2010_318_05_0144_RGB 44533.195230 -3730486.126420 5478.167750 0.268917 0.265763 -178.306843
3321C_2010_318_05_0145_RGB 42995.544570 -3730505.903560 5477.863780 -0.164614 0.297828 -178.937504
3321C_2010_318_05_0146_RGB 41461.241090 -3730535.312950 5478.476060 -0.698804 0.266613 -178.624390
3321C_2010_318_05_0147_RGB 39924.104630 -3730522.218910 5477.691090 -1.672598 0.304668 179.094586
3321C_2010_318_05_0148_RGB 38388.469640 -3730473.581940 5477.638200 -0.221050 0.305731 178.724164
3321C_2010_318_05_0149_RGB 36852.950100 -3730459.152400 5478.820380 1.138015 0.234388 -179.331144
3321C_2010_318_05_0150_RGB 35316.881870 -3730458.134800 5477.598290 -0.573456 0.300550 179.973608
3321C_2010_318_05_0151_RGB 33781.084770 -3730439.559400 5477.572860 0.526806 0.174999 179.975955
3321C_2010_318_05_0152_RGB 32245.571100 -3730457.154240 5478.697730 0.582157 0.240122 -178.442075
3321C_2010_318_05_0153_RGB 30709.164990 -3730460.362630 5478.038670 -1.230978 0.318627 179.951458
3321C_2010_318_05_0154_RGB 29171.973920 -3730447.880690 5476.092790 0.209195 0.078460 -179.745749
3321C_2010_318_05_0155_RGB 27637.770830 -3730440.426320 5477.681980 0.343528 0.235769 -179.551453
3321C_2010_318_05_0156_RGB 26100.649250 -3730461.748620 5477.278120 0.544597 0.134557 -178.277928
3321C_2010_318_05_0157_RGB 24564.625230 -3730472.499720 5477.817510 -0.848613 0.197120 -179.686139
3321C_2010_318_05_0158_RGB 23025.931320 -3730470.780280 5477.770490 0.256863 0.276834 -179.329132
3321C_2010_318_05_0159_RGB 21493.779350 -3730464.674700 5478.213370 -0.689770 0.300448 179.921482
3321C_2010_318_05_0160_RGB 19953.090340 -3730457.447970 5476.118350 0.388065 0.310200 -179.389916
3321C_2010_318_05_0161_RGB 18418.312080 -3730463.436890 5476.568470 -0.118510 0.229007 -179.449611
3321C_2010_318_05_0162_RGB 16881.319270 -3730459.987670 5478.983420 -0.161791 0.377037 -179.612036
3321C_2010_318_05_0163_RGB 15348.354770 -3730459.674710 5476.292150 0.105380 0.132712 -179.483705
3321C_2010_318_05_0164_RGB 13812.413710 -3730458.755000 5476.873230 0.058737 0.225632 -179.563595
3321C_2010_318_05_0165_RGB 12273.411180 -3730464.812720 5478.648880 -0.625761 0.317155 -179.645272
3321C_2010_318_05_0166_RGB 10738.933210 -3730455.999930 5477.231990 -0.149129 0.105105 -179.903859
3321C_2010_318_05_0167_RGB 9205.256740 -3730442.271110 5477.627190 -0.407383 0.338695 179.730749
3321C_2010_318_05_0168_RGB 7667.185890 -3730438.089580 5476.785900 0.665503 0.241833 -179.320195
3321C_2010_318_05_0169_RGB 6132.989000 -3730438.297390 5476.350930 -0.347965 0.127167 -179.908947
3321C_2010_318_05_0170_RGB 4597.336730 -3730456.214300 5477.248360 0.832059 0.275329 -178.297804
3321C_2010_318_05_0171_RGB 3061.604060 -3730476.543600 5477.037820 -0.960653 0.073214 -179.441568
3321C_2010_318_05_0172_RGB 1525.597590 -3730482.600930 5476.702070 0.561483 0.234846 -178.740418
3321C_2010_318_05_0173_RGB -11.522370 -3730507.463190 5476.945020 -0.635978 0.312081 -179.018823
3321C_2010_318_05_0174_RGB -1547.634710 -3730498.525670 5477.203970 -1.050685 0.378741 179.635221
3321C_2010_318_05_0175_RGB -3082.286420 -3730487.190440 5478.061250 0.133329 0.296689 -179.773472
3321C_2010_318_06_0176_RGB -3075.605850 -3735593.103200 5382.099990 -1.947814 -0.066989 -1.936297
3321C_2010_318_06_0177_RGB -1536.805400 -3735629.076450 5381.397600 -1.872496 -0.199235 0.108116
3321C_2010_318_06_0178_RGB -5.086870 -3735636.299090 5380.976660 -0.003647 -0.130806 0.235132
3321C_2010_318_06_0179_RGB 1534.558960 -3735663.043090 5381.487680 1.208715 -0.182733 -0.695770
3321C_2010_318_06_0180_RGB 3069.790050 -3735677.518890 5380.251840 -1.770034 -0.298509 1.319623
3321C_2010_318_06_0181_RGB 4603.485290 -3735650.618730 5382.219050 -0.008972 -0.344816 1.812793
3321C_2010_318_06_0182_RGB 6141.352880 -3735636.263180 5380.985960 1.235964 -0.139415 0.784419
3321C_2010_318_06_0183_RGB 7676.475440 -3735653.802590 5381.186420 1.181742 -0.337575 -0.449588
3321C_2010_318_06_0184_RGB 9210.317190 -3735670.259050 5381.516410 -1.258444 -0.311971 0.819887
3321C_2010_318_06_0185_RGB 10747.850010 -3735658.147890 5381.162560 0.302824 -0.212822 0.944996
3321C_2010_318_06_0186_RGB 12282.864420 -3735659.745330 5382.044880 0.350314 -0.283656 0.395478
3321C_2010_318_06_0187_RGB 13818.318810 -3735656.775530 5380.340600 -0.730773 -0.232385 1.022737
3321C_2010_318_06_0188_RGB 15354.835130 -3735639.013220 5381.180970 0.498578 -0.296826 1.066373
3321C_2010_318_06_0189_RGB 16889.916480 -3735654.617600 5382.131600 1.361468 -0.370317 -0.514436
3321C_2010_318_06_0190_RGB 18426.323600 -3735685.923580 5381.374440 -0.080447 -0.354664 -0.360816
3321C_2010_318_06_0191_RGB 19961.991470 -3735693.885590 5381.382480 -1.146965 -0.367783 1.011723
3321C_2010_318_06_0192_RGB 21498.382030 -3735673.262530 5381.315340 -0.109648 -0.248855 1.500795
3321C_2010_318_06_0193_RGB 23034.363720 -3735647.481650 5382.782350 -0.186112 -0.253109 1.662107
3321C_2010_318_06_0194_RGB 24570.044540 -3735622.565930 5379.934860 0.172657 -0.007305 1.454723
3321C_2010_318_06_0195_RGB 26106.291080 -3735598.344670 5382.241140 0.041381 -0.121193 1.650699
3321C_2010_318_06_0196_RGB 27642.300390 -3735576.148020 5382.036990 0.202776 -0.156594 1.450143
3321C_2010_318_06_0197_RGB 29178.162970 -3735567.922400 5380.916670 1.450571 -0.011721 0.401679
3321C_2010_318_06_0198_RGB 30714.033600 -3735595.761640 5382.099900 1.044147 -0.224101 -0.746085
3321C_2010_318_06_0199_RGB 32250.524080 -3735637.779830 5381.544950 0.176660 -0.073576 -0.876212
3321C_2010_318_06_0200_RGB 33784.497730 -3735663.405540 5382.335070 -1.615436 -0.198428 0.487249
3321C_2010_318_06_0201_RGB 35320.237750 -3735631.991850 5382.000680 -1.390764 -0.242213 2.416620
3321C_2010_318_06_0202_RGB 36856.883790 -3735592.870000 5381.527530 1.328727 -0.215838 1.269928
3321C_2010_318_06_0203_RGB 38393.017570 -3735610.191450 5382.161250 1.775614 -0.358376 -0.788456
3321C_2010_318_06_0204_RGB 39928.997260 -3735670.241180 5382.341810 0.511064 -0.251617 -1.685500
3321C_2010_318_06_0205_RGB 41465.075460 -3735706.330600 5381.568120 -1.285948 -0.291049 0.068999
3321C_2010_318_06_0206_RGB 43001.004100 -3735698.906330 5382.650420 -0.949838 -0.355165 1.293545
3321C_2010_318_06_0207_RGB 44537.305990 -3735678.302410 5382.248460 -0.032816 -0.265447 1.286055
3321C_2010_318_06_0208_RGB 46072.822590 -3735658.154460 5381.940340 -0.170726 -0.251001 1.429922
3321C_2010_318_06_0209_RGB 47608.907980 -3735644.476730 5383.366520 0.660664 -0.323370 1.004039
3321C_2010_318_06_0210_RGB 49148.759410 -3735630.762730 5382.427870 -0.158900 -0.219897 1.448257
3321C_2010_318_07_0211_RGB 49140.066970 -3740959.403100 5381.742140 -1.761793 0.113287 -177.155949
3321C_2010_318_07_0212_RGB 47603.618750 -3740995.070100 5381.653200 -1.072447 0.179483 -178.867888
3321C_2010_318_07_0213_RGB 46068.332230 -3741013.985830 5381.616840 0.041258 0.122846 -178.816052
3321C_2010_318_07_0214_RGB 44533.014860 -3741043.863340 5382.028540 -0.272878 0.213578 -178.697384
3321C_2010_318_07_0215_RGB 42996.632510 -3741048.351370 5381.619290 -0.735738 0.200432 -179.826573
3321C_2010_318_07_0216_RGB 41460.629860 -3741051.265520 5382.540740 1.307783 0.232235 -178.551710
3321C_2010_318_07_0217_RGB 39925.386580 -3741072.360420 5381.517180 -1.045037 0.267896 -179.474133
3321C_2010_318_07_0218_RGB 38389.279840 -3741064.017300 5379.643040 -0.214650 0.007968 -179.923634
3321C_2010_318_07_0219_RGB 36852.713410 -3741061.708620 5382.845340 0.222080 0.184995 -179.438577
3321C_2010_318_07_0220_RGB 35316.649210 -3741054.962370 5381.003470 -1.253521 0.177935 179.604728
3321C_2010_318_07_0221_RGB 33780.351310 -3741025.465400 5380.690010 0.022512 0.213957 179.399196
3321C_2010_318_07_0222_RGB 32244.807080 -3741002.321320 5380.934170 -0.069785 0.303673 179.554332
3321C_2010_318_07_0223_RGB 30709.012590 -3740981.317520 5380.591860 0.104601 0.156522 179.766953
3321C_2010_318_07_0224_RGB 29173.454690 -3740970.896300 5381.507510 1.155177 0.196606 -179.213813
3321C_2010_318_07_0225_RGB 27637.266040 -3740988.205670 5381.363960 -1.002736 0.279977 -179.399517
3321C_2010_318_07_0226_RGB 26100.570830 -3740962.969060 5381.088260 -0.683693 0.401292 179.267640
3321C_2010_318_07_0227_RGB 24564.223590 -3740944.580090 5381.001280 0.747980 0.255716 -179.630953
3321C_2010_318_07_0228_RGB 23027.815240 -3740955.117660 5380.878710 0.336623 0.209060 -178.857799
3321C_2010_318_07_0229_RGB 21492.474310 -3740972.346060 5380.512000 -0.603448 0.139496 -179.332431
3321C_2010_318_07_0230_RGB 19953.250830 -3740969.035820 5383.346850 0.065851 0.359450 -179.700702
3321C_2010_318_07_0231_RGB 18416.206210 -3740969.211080 5380.394030 -0.558099 0.295703 -179.683318
3321C_2010_318_07_0232_RGB 16885.058500 -3740964.804110 5378.890930 0.707633 0.094999 -179.073552
3321C_2010_318_07_0233_RGB 15348.166350 -3740988.575570 5381.931140 -0.226588 0.103341 -178.758367
3321C_2010_318_07_0234_RGB 13810.240350 -3740995.209860 5382.135790 -0.202517 0.298609 -179.354236
3321C_2010_318_07_0235_RGB 12275.850050 -3741014.475890 5380.693040 1.202919 0.025331 -177.966872
3321C_2010_318_07_0236_RGB 10740.241120 -3741048.224670 5380.914130 -1.769789 0.056630 -179.271064
3321C_2010_318_07_0237_RGB 9202.400660 -3741016.896150 5381.343200 -1.848142 0.292799 178.430810
3321C_2010_318_07_0238_RGB 7668.894560 -3740968.887470 5380.331570 1.311842 -0.003295 179.632553
3321C_2010_318_07_0239_RGB 6133.779880 -3740961.235010 5382.680050 0.027051 0.216051 -179.848545
3321C_2010_318_07_0240_RGB 4597.444360 -3740955.108160 5380.936760 0.916152 0.243566 -179.337304
3321C_2010_318_07_0241_RGB 3060.863530 -3740976.618440 5380.473000 0.425188 0.216880 -178.639146
3321C_2010_318_07_0242_RGB 1523.929240 -3740991.250130 5381.844170 -0.965812 0.338146 -179.383973
3321C_2010_318_07_0243_RGB -11.000380 -3741005.775240 5380.173200 0.602227 0.258507 -178.465494
3321C_2010_318_07_0244_RGB -1547.114200 -3741039.791020 5381.724160 0.038590 0.300307 -178.243949
3321C_2010_318_07_0245_RGB -3082.269270 -3741061.645050 5379.219370 -0.571040 0.093606 -178.950601
3321C_2010_318_08_0246_RGB -3076.277880 -3746226.963780 5380.960360 -0.285261 -0.205404 -0.734193
3321C_2010_318_08_0247_RGB -1540.707780 -3746236.829040 5380.857030 -2.153740 -0.356791 1.372502
3321C_2010_318_08_0248_RGB -1.185610 -3746198.483700 5380.691050 -0.545762 -0.206452 2.265414
3321C_2010_318_08_0249_RGB 1534.532530 -3746186.363190 5380.759560 1.752633 -0.087984 0.252396
3321C_2010_318_08_0250_RGB 3069.796890 -3746224.728500 5380.607640 0.953898 -0.275892 -1.191525
3321C_2010_318_08_0251_RGB 4604.394760 -3746251.701250 5380.798280 -1.177463 -0.170076 0.418667
3321C_2010_318_08_0252_RGB 6138.290820 -3746248.216160 5381.257290 -0.294599 -0.232909 0.943036
3321C_2010_318_08_0253_RGB 7675.778570 -3746238.111250 5380.294960 0.757271 -0.231827 0.608297
3321C_2010_318_08_0254_RGB 9210.304820 -3746259.579080 5380.970580 -0.058694 -0.259590 -0.213304
3321C_2010_318_08_0255_RGB 10746.521520 -3746259.800660 5381.712710 -1.358104 -0.257479 1.428584
3321C_2010_318_08_0256_RGB 12282.201320 -3746225.222830 5380.887760 -0.708468 -0.242439 2.124853
3321C_2010_318_08_0257_RGB 13818.400640 -3746191.234910 5381.026080 1.292687 -0.089906 1.283752
3321C_2010_318_08_0258_RGB 15354.460880 -3746185.931100 5380.916420 0.418051 -0.096263 0.752049
3321C_2010_318_08_0259_RGB 16890.449130 -3746182.041980 5381.555920 -0.157526 -0.134277 0.922326
3321C_2010_318_08_0260_RGB 18426.769700 -3746171.756600 5381.093440 0.596879 -0.101939 0.892343
3321C_2010_318_08_0261_RGB 19961.041670 -3746181.423250 5380.534070 1.074235 -0.184823 -0.200515
3321C_2010_318_08_0262_RGB 21496.615630 -3746196.023960 5380.880930 -0.543983 -0.176901 0.546089
3321C_2010_318_08_0263_RGB 23034.453990 -3746177.599560 5382.203320 -0.907143 -0.179202 1.774846
3321C_2010_318_08_0264_RGB 24568.518660 -3746139.006920 5380.124810 0.241887 -0.147436 1.948068
3321C_2010_318_08_0265_RGB 26104.675100 -3746122.996950 5380.901100 1.417724 -0.163814 0.769253
3321C_2010_318_08_0266_RGB 27641.011420 -3746148.233030 5380.574790 1.355787 -0.176484 -0.862850
3321C_2010_318_08_0267_RGB 29176.879490 -3746192.152140 5381.047680 0.332751 -0.245099 -1.059336
3321C_2010_318_08_0268_RGB 30713.285590 -3746215.020420 5381.576360 -1.218290 -0.233060 0.461292
3321C_2010_318_08_0269_RGB 32249.080750 -3746195.614020 5380.905850 -1.329804 -0.268526 1.870478
3321C_2010_318_08_0270_RGB 33785.055090 -3746171.539080 5381.052610 0.461865 -0.154564 1.184825
3321C_2010_318_08_0271_RGB 35321.200960 -3746173.214880 5381.462900 0.897986 -0.243696 0.280055
3321C_2010_318_08_0272_RGB 36857.486490 -3746195.930170 5381.494150 1.013562 -0.226359 -0.507855
3321C_2010_318_08_0273_RGB 38393.273030 -3746216.093540 5381.504190 -0.584033 -0.199614 0.405460
3321C_2010_318_08_0274_RGB 39929.299120 -3746208.349340 5381.610650 -0.894799 -0.108682 1.444315
3321C_2010_318_08_0275_RGB 41469.213370 -3746184.725270 5382.531100 -0.308411 -0.294077 1.568878
3321C_2010_318_08_0276_RGB 43001.394990 -3746166.068260 5382.148700 0.710297 -0.155732 1.075370
3321C_2010_318_08_0277_RGB 44537.788330 -3746175.187290 5381.602270 1.166673 -0.111017 -0.187982
3321C_2010_318_08_0278_RGB 46077.461480 -3746210.462010 5382.569760 0.932573 -0.159107 -0.948285
3321C_2010_318_08_0279_RGB 47609.648710 -3746251.814250 5381.885620 -0.351065 -0.140416 -0.700785
3321C_2010_318_08_0280_RGB 49145.413540 -3746255.681790 5381.854270 -1.632552 -0.389337 1.306913
3321C_2010_318_09_0281_RGB 49140.357130 -3751313.081440 5382.886450 0.705172 0.238669 -178.134292
3321C_2010_318_09_0282_RGB 47605.387060 -3751334.797970 5381.638440 0.176654 0.121167 -179.179330
3321C_2010_318_09_0283_RGB 46069.728080 -3751352.789960 5381.573760 1.281391 0.138816 -178.512359
3321C_2010_318_09_0284_RGB 44533.141030 -3751385.164750 5381.966190 -0.152255 0.132792 -178.505085
3321C_2010_318_09_0285_RGB 42996.587190 -3751399.572920 5382.572070 -0.638666 0.120146 -179.387293
3321C_2010_318_09_0286_RGB 41461.274790 -3751397.023910 5381.976430 -0.758851 0.159142 179.994927
3321C_2010_318_09_0287_RGB 39924.957930 -3751381.837830 5381.536320 0.149867 0.124101 -179.853115
3321C_2010_318_09_0288_RGB 38390.174140 -3751383.430460 5382.388730 0.569060 0.358499 -179.134658
3321C_2010_318_09_0289_RGB 36854.033240 -3751406.085170 5381.868720 0.797556 0.247911 -178.202314
3321C_2010_318_09_0290_RGB 35316.145340 -3751423.016120 5381.620890 -1.178407 0.164610 -179.632925
3321C_2010_318_09_0291_RGB 33782.567830 -3751405.932630 5381.831980 -0.737796 0.197775 179.624312
3321C_2010_318_09_0292_RGB 32245.070060 -3751385.110500 5380.731770 0.276803 0.091910 -179.951123
3321C_2010_318_09_0293_RGB 30708.962430 -3751366.387510 5381.180700 -0.582035 0.339672 179.454297
3321C_2010_318_09_0294_RGB 29173.273500 -3751349.035510 5381.024980 0.771504 0.242590 -179.586405
3321C_2010_318_09_0295_RGB 27637.241200 -3751348.575160 5381.848050 -0.228175 0.253765 -179.626981
3321C_2010_318_09_0296_RGB 26097.868610 -3751351.667970 5380.490170 0.840400 0.283995 -178.661719
3321C_2010_318_09_0297_RGB 24565.810540 -3751368.607960 5379.969010 -0.714054 0.245784 -179.343574
3321C_2010_318_09_0298_RGB 23026.025530 -3751363.899910 5381.209230 -0.177876 0.271928 -179.601556
3321C_2010_318_09_0299_RGB 21489.096540 -3751360.858920 5382.713200 -0.082073 0.376897 -179.573895
3321C_2010_318_09_0300_RGB 19952.822130 -3751359.252510 5380.136000 -0.235776 0.134815 -179.689631
3321C_2010_318_09_0301_RGB 18416.784380 -3751362.931330 5380.495620 -0.180317 0.258985 -179.419646
3321C_2010_318_09_0302_RGB 16882.935130 -3751357.869670 5379.775140 -0.525366 0.219104 -179.912049
3321C_2010_318_09_0303_RGB 15346.869840 -3751365.499060 5380.038500 0.586866 0.144232 -178.889186
3321C_2010_318_09_0304_RGB 13811.324130 -3751386.232300 5380.560160 -0.605577 0.163498 -179.065388
3321C_2010_318_09_0305_RGB 12276.989270 -3751376.570360 5380.594480 -0.626321 0.218115 179.889365
3321C_2010_318_09_0306_RGB 10738.372390 -3751361.688640 5379.384660 0.110485 0.152260 -179.851165
3321C_2010_318_09_0307_RGB 9203.931230 -3751366.336740 5379.943660 1.072338 0.230125 -178.587601
3321C_2010_318_09_0308_RGB 7668.740750 -3751399.946510 5379.915410 0.231309 0.321410 -178.110090
3321C_2010_318_09_0309_RGB 6132.447870 -3751429.937520 5380.090480 -0.403048 0.287459 -178.660628
3321C_2010_318_09_0310_RGB 4597.066380 -3751434.180440 5379.911760 -0.760922 -0.140693 -179.636816
3321C_2010_318_09_0311_RGB 3060.980550 -3751425.232150 5379.242340 -0.457811 0.016058 179.998094
3321C_2010_318_09_0312_RGB 1524.159060 -3751406.014990 5379.638940 -0.281476 0.367337 179.505659
3321C_2010_318_09_0313_RGB -10.313950 -3751390.156150 5378.421680 0.549012 0.359761 -179.906575
3321C_2010_318_09_0314_RGB -1547.680120 -3751388.555520 5379.706860 -0.730907 0.361492 -179.983485
3321C_2010_318_09_0315_RGB -3083.526690 -3751364.816450 5378.717510 -0.305069 0.264381 179.525516
3321C_2010_318_10_0316_RGB -3076.243780 -3756463.830590 5631.864840 0.328631 -0.003825 -1.787823
3321C_2010_318_10_0317_RGB -1538.297040 -3756498.327670 5630.360630 -1.589516 0.324734 0.208756
3321C_2010_318_10_0318_RGB -4.733100 -3756485.398120 5632.203070 -0.305890 0.002099 1.259909
3321C_2010_318_10_0319_RGB 1530.039660 -3756498.724130 5629.728000 2.027226 -0.038294 -0.928261
3321C_2010_318_10_0320_RGB 3065.518670 -3756560.033550 5630.967300 0.079034 -0.090656 -1.441328
3321C_2010_318_10_0321_RGB 4602.862730 -3756598.879910 5631.316760 -0.391115 -0.264719 -0.675058
3321C_2010_318_10_0322_RGB 6138.570710 -3756630.492250 5630.664410 0.038189 -0.377653 -0.397506
3321C_2010_318_10_0323_RGB 7674.824210 -3756646.692640 5631.388740 -0.263501 -0.243357 0.215500
3321C_2010_318_10_0324_RGB 9210.540430 -3756639.231160 5632.460420 -1.893699 -0.273954 1.647145
3321C_2010_318_10_0325_RGB 10746.338810 -3756594.064670 5631.111700 -0.370609 0.012335 2.393013
3321C_2010_318_10_0326_RGB 12280.766120 -3756558.072370 5631.964280 0.945468 0.003933 1.433188
3321C_2010_318_10_0327_RGB 13816.605010 -3756549.810490 5631.930320 1.161004 -0.140349 0.486972
3321C_2010_318_10_0328_RGB 15354.669460 -3756559.096930 5631.091350 0.174836 -0.138185 0.339971
3321C_2010_318_10_0329_RGB 16889.051060 -3756558.984720 5632.384920 -0.246823 -0.137541 0.789178
3321C_2010_318_10_0330_RGB 18425.591480 -3756518.607420 5631.563060 -2.128069 -0.235070 3.114119
3321C_2010_318_10_0331_RGB 19961.607210 -3756445.254690 5630.728240 0.402069 -0.199236 3.033514
3321C_2010_318_10_0332_RGB 21498.448260 -3756410.568360 5631.538160 5.264468 0.078663 0.194617
3321C_2010_318_10_0333_RGB 23034.199680 -3756473.860020 5634.398820 2.416542 -0.434407 -2.548520
3321C_2010_318_10_0334_RGB 24569.041110 -3756533.343940 5629.662510 -1.819878 0.034182 -0.579104
3321C_2010_318_10_0335_RGB 26104.871810 -3756531.470730 5632.680730 -1.249240 -0.302292 1.242974
3321C_2010_318_10_0336_RGB 27639.636450 -3756525.263590 5634.490800 1.425617 -0.409138 0.161072
3321C_2010_318_10_0337_RGB 29177.530020 -3756572.800280 5630.782790 1.349520 -0.172723 -1.819648
3321C_2010_318_10_0338_RGB 30713.333980 -3756617.882330 5632.641830 -1.370316 -0.386242 -0.238168
3321C_2010_318_10_0339_RGB 32250.247560 -3756612.449100 5632.411200 -1.330929 -0.461065 1.561065
3321C_2010_318_10_0340_RGB 33786.638610 -3756579.308570 5630.739270 0.308683 -0.134969 1.696163
3321C_2010_318_10_0341_RGB 35322.733070 -3756574.826450 5633.819370 1.241956 -0.142669 0.259766
3321C_2010_318_10_0342_RGB 36858.649480 -3756586.878050 5631.667420 -0.441630 -0.263671 0.575233
3321C_2010_318_10_0343_RGB 38397.035800 -3756556.868820 5631.999450 -1.573555 -0.284321 2.526964
3321C_2010_318_10_0344_RGB 39929.542680 -3756505.380530 5635.036420 0.676865 -0.388279 2.167537
3321C_2010_318_10_0345_RGB 41469.891710 -3756481.906670 5631.054270 1.853124 0.036158 0.652709
3321C_2010_318_10_0346_RGB 43005.723440 -3756505.628370 5632.130660 1.035503 -0.116871 -0.578148
3321C_2010_318_10_0347_RGB 44537.788560 -3756537.363430 5634.375020 0.146972 -0.438935 -0.507230
3321C_2010_318_10_0348_RGB 46079.254850 -3756545.412290 5630.664820 -1.122907 -0.226590 0.902777
3321C_2010_318_10_0349_RGB 47613.070110 -3756528.079740 5633.410220 -0.506632 -0.298912 1.436260
3321C_2010_318_10_0350_RGB 49146.998690 -3756531.307260 5633.187280 1.294730 -0.373618 -0.230354
3321C_2010_318_11_0351_RGB 49140.845810 -3761737.783310 5680.097350 -1.091861 -0.006884 -179.579267
3321C_2010_318_11_0352_RGB 47604.386390 -3761736.188020 5679.184070 0.302408 0.151111 -179.187431
3321C_2010_318_11_0353_RGB 46068.600360 -3761748.253410 5679.640190 -0.464439 0.303231 -179.176526
3321C_2010_318_11_0354_RGB 44532.756500 -3761777.056370 5679.174830 1.088300 0.134707 -177.668539
3321C_2010_318_11_0355_RGB 42997.903570 -3761813.351560 5679.461980 -0.781705 0.145208 -178.586413
3321C_2010_318_11_0356_RGB 41460.919300 -3761820.069540 5679.548720 -0.904078 0.260791 -179.671286
3321C_2010_318_11_0357_RGB 39924.770820 -3761810.642960 5679.700700 -0.023325 0.281348 -179.742760
3321C_2010_318_11_0358_RGB 38389.100820 -3761808.868760 5678.359560 0.226175 -0.051281 -179.303547
3321C_2010_318_11_0359_RGB 36853.646260 -3761801.965610 5680.722860 -0.526469 0.134999 179.813204
3321C_2010_318_11_0360_RGB 36084.998680 -3761793.930850 5678.800930 -0.201902 0.040675 179.748984
3321C_2010_318_11_0361_RGB 35317.440420 -3761787.158970 5679.564470 0.077320 0.058635 179.910244
3321C_2010_318_11_0362_RGB 33781.175190 -3761777.785050 5677.798580 0.020329 0.126462 -179.757502
3321C_2010_318_11_0363_RGB 32246.096880 -3761767.533950 5678.121220 -0.576317 0.257876 179.953474
3321C_2010_318_11_0364_RGB 30706.543930 -3761754.377640 5681.412840 0.375678 0.463707 -179.850127
3321C_2010_318_11_0365_RGB 29942.314180 -3761753.972360 5678.337930 0.213671 0.150597 -179.529413
3321C_2010_318_11_0366_RGB 29170.550060 -3761749.554350 5678.719540 -0.531209 0.212967 179.970208
3321C_2010_318_11_0367_RGB 27634.507760 -3761741.952690 5678.290760 0.388883 0.200257 -179.452901
3321C_2010_318_11_0368_RGB 26101.042150 -3761735.112800 5679.616100 -0.433313 0.378330 -179.916313
3321C_2010_318_11_0369_RGB 24562.814530 -3761718.619730 5676.143590 0.171527 0.028788 -179.890301
3321C_2010_318_11_0370_RGB 23027.391300 -3761712.834600 5677.801140 -0.009208 -0.037296 -179.615952
3321C_2010_318_11_0371_RGB 21493.391270 -3761695.321050 5680.266570 -0.777982 0.484629 179.489559
3321C_2010_318_11_0372_RGB 19957.525260 -3761672.037680 5678.777480 0.888520 0.271445 -179.789506
3321C_2010_318_11_0373_RGB 18421.846630 -3761687.254350 5676.459820 0.514465 0.083150 -178.721904
3321C_2010_318_11_0374_RGB 16885.282680 -3761704.769060 5677.876740 -0.559535 0.232142 -179.090957
3321C_2010_318_11_0375_RGB 15348.841970 -3761713.427700 5678.309470 -0.054580 0.281467 -179.100887
3321C_2010_318_11_0376_RGB 13813.214970 -3761723.621930 5676.184220 -0.045215 0.083009 -179.058240
3321C_2010_318_11_0377_RGB 12277.225180 -3761737.848530 5678.686150 -0.751150 0.158055 -179.186732
3321C_2010_318_11_0378_RGB 10736.519140 -3761736.489760 5678.933910 -0.329224 0.092075 -179.603644
3321C_2010_318_11_0379_RGB 9206.445090 -3761730.620890 5675.681670 -0.468731 0.067348 -179.924113
3321C_2010_318_11_0380_RGB 7669.476570 -3761708.096560 5677.210530 0.163706 0.307292 179.738768
3321C_2010_318_11_0381_RGB 6133.829990 -3761693.324960 5679.063490 -0.314449 0.440322 179.921070
3321C_2010_318_11_0382_RGB 4596.562520 -3761687.576610 5675.438310 0.293620 0.274410 -179.388848
3321C_2010_318_11_0383_RGB 3062.194660 -3761685.639320 5674.641970 -0.335475 -0.034848 -179.677941
3321C_2010_318_11_0384_RGB 1525.542720 -3761686.072180 5677.312080 0.507234 -0.158423 -179.158655
3321C_2010_318_11_0385_RGB -11.164890 -3761722.528700 5676.530440 1.260098 -0.087648 -177.475844
3321C_2010_318_11_0386_RGB -1545.564520 -3761774.689280 5676.367970 -0.602028 0.354899 -177.889331
3321C_2010_318_11_0387_RGB -3082.856450 -3761788.416670 5677.432110 -1.272918 0.168406 -179.677199
3321C_2010_318_12_0388_RGB 18.167570 -3767413.046840 5678.189450 0.300153 -0.647295 91.910173
3321C_2010_318_12_0389_RGB 2.604340 -3765879.208700 5678.293000 -0.010311 0.618907 90.617765
3321C_2010_318_12_0390_RGB 21.642270 -3764342.639610 5675.832400 -0.061155 0.380426 89.652440
3321C_2010_318_12_0391_RGB 53.734600 -3762806.343250 5677.347690 0.164309 0.476793 89.137716
3321C_2010_318_12_0392_RGB 65.888020 -3761270.439310 5676.502910 0.401301 -1.045363 90.905053
3321C_2010_318_12_0393_RGB 51.288110 -3759734.712130 5676.226280 0.318565 -0.296185 91.273433
3321C_2010_318_12_0394_RGB 27.736410 -3758199.461600 5677.811290 0.288668 -0.314338 91.742433
3321C_2010_318_12_0395_RGB 11.562010 -3756663.544060 5678.483710 -0.102231 1.794695 90.256250
3321C_2010_318_12_0396_RGB 36.915610 -3755128.056820 5677.269510 -0.027053 0.412428 89.714953
3321C_2010_318_12_0397_RGB 43.800430 -3753591.357300 5677.359290 0.374142 -0.684173 90.923423
3321C_2010_318_12_0398_RGB 30.473030 -3752056.313060 5676.421670 0.249846 0.237705 90.990769
3321C_2010_318_12_0399_RGB 25.750770 -3750519.411400 5677.342170 0.370456 -0.374030 90.765989
3321C_2010_318_12_0400_RGB -2.665780 -3748984.409820 5676.108520 0.414120 -0.052425 91.723273
3321C_2010_318_12_0401_RGB -17.253170 -3747447.063570 5677.152010 0.299528 0.762043 90.895115
3321C_2010_318_12_0402_RGB -28.123360 -3745911.945360 5678.206680 0.363339 0.006234 91.219666
3321C_2010_318_12_0403_RGB -21.610060 -3744376.487010 5675.927450 0.057547 0.724945 89.882073
3321C_2010_318_12_0404_RGB -19.415810 -3742839.228350 5678.497390 0.352706 -0.963237 91.213623
3321C_2010_318_12_0405_RGB -41.329730 -3741304.011500 5676.095000 0.119532 0.223252 91.317413
3321C_2010_318_12_0406_RGB -42.005820 -3739764.311230 5679.379480 0.152180 0.234427 90.622535
3321C_2010_318_12_0407_RGB -49.655560 -3738231.030950 5677.847700 0.045738 0.302996 90.668861
3321C_2010_318_12_0408_RGB -46.418130 -3736692.254360 5678.911560 0.041010 0.913258 90.008112
3321C_2010_318_12_0409_RGB -34.278370 -3735155.378610 5677.883970 0.097009 -0.098137 90.454993
3321C_2010_318_12_0410_RGB -16.478380 -3733621.549250 5679.030120 0.064069 0.133073 89.771124
3321C_2010_318_12_0411_RGB 3.676490 -3732085.156480 5679.184050 0.174134 0.250600 89.790796
3321C_2010_318_12_0412_RGB 21.525560 -3730550.516700 5678.869950 0.208553 -0.617655 90.325328
3321C_2010_318_12_0413_RGB 14.916670 -3729015.335130 5679.494260 0.151468 -0.338512 91.098782
3321C_2010_318_12_0414_RGB 6.392230 -3727478.192320 5680.433780 0.302459 0.196972 90.871095
3321C_2010_318_12_0415_RGB -2.443120 -3725942.874330 5678.512920 0.004194 -0.077009 91.058476
3321C_2010_318_12_0416_RGB -13.242370 -3724399.012120 5682.336100 0.265067 0.328714 90.828061
3321C_2010_318_12_0417_RGB -18.298330 -3722872.737960 5679.176840 0.109004 -0.019854 91.003643
3321C_2010_318_12_0418_RGB -35.971890 -3721335.483750 5678.501290 0.052142 0.888253 90.916471
3321C_2010_318_12_0419_RGB -15.922670 -3719800.505000 5682.643360 0.419281 1.134374 89.418124
3321C_2010_318_12_0420_RGB 10.168250 -3718264.293620 5680.079930 0.396037 -0.271755 89.947242
3321C_2010_318_12_0421_RGB 26.824160 -3716728.355600 5680.269800 0.410753 -0.292492 90.039972
3321C_2010_318_12_0422_RGB 28.654540 -3715191.165630 5679.946460 0.356830 -0.557873 90.874997
3321C_2010_318_12_0423_RGB 13.231280 -3713656.173290 5681.455600 0.355786 -0.352123 91.328039
3321C_2010_318_12_0424_RGB 5.829470 -3712119.244220 5681.032260 0.227931 0.403935 90.699530
3321C_2010_318_12_0425_RGB 4.613740 -3710583.844530 5682.461110 0.206811 0.226148 90.637188
3321C_2010_318_12_0426_RGB 9.392820 -3709048.238790 5682.890840 0.080426 0.637270 90.143718
3321C_2010_318_12_0427_RGB 26.363080 -3707511.613980 5682.466160 0.141464 0.328795 89.915132
3321C_2010_318_12_0428_RGB 39.498050 -3705976.311830 5682.598930 0.033498 -0.731911 90.536765
3321C_2010_318_12_0429_RGB 40.300640 -3704439.502170 5681.153430 0.083885 0.546961 90.250890
3321C_2010_318_13_0430_RGB 46437.603870 -3704762.312870 5639.905090 -0.066183 3.485400 -89.383219
3321C_2010_318_13_0431_RGB 46463.306640 -3706299.130380 5640.484340 -0.416853 2.217116 -88.330180
3321C_2010_318_13_0432_RGB 46486.603640 -3707834.297160 5640.087940 -0.132328 1.440520 -88.708949
3321C_2010_318_13_0433_RGB 46498.626400 -3709370.097250 5639.664130 -0.244123 -0.623600 -89.324279
3321C_2010_318_13_0434_RGB 46495.083240 -3710907.054720 5638.095170 0.071225 -0.484944 -89.623794
3321C_2010_318_13_0435_RGB 46494.842590 -3712442.916000 5641.935050 -0.187188 0.157748 -89.197935
3321C_2010_318_13_0436_RGB 46487.669070 -3713978.213350 5638.723970 -0.153812 -1.046151 -90.262259
3321C_2010_318_13_0437_RGB 46464.617340 -3715514.006400 5639.648280 -0.185987 -0.134540 -90.258305
3321C_2010_318_13_0438_RGB 46451.509970 -3717053.234590 5639.225460 -0.174312 0.553432 -89.627533
3321C_2010_318_13_0439_RGB 46461.053380 -3718589.795820 5639.131080 -0.325578 0.705252 -88.675346
3321C_2010_318_13_0440_RGB 46468.245010 -3720126.323110 5637.994750 -0.392591 -1.052558 -89.641774
3321C_2010_318_13_0441_RGB 46436.492030 -3721661.679460 5639.268720 -0.442979 -0.923998 -90.992611
3321C_2010_318_13_0442_RGB 46409.521340 -3723195.419930 5637.005710 -0.307943 1.122492 -89.785182
3321C_2010_318_13_0443_RGB 46411.913700 -3723961.777860 5638.212660 -0.332096 1.100813 -89.068091
3321C_2010_318_13_0444_RGB 46421.405640 -3724732.943750 5638.423830 -0.301595 0.367072 -88.859735
3321C_2010_318_13_0445_RGB 46425.689610 -3725501.500750 5636.781170 -0.282881 -0.878951 -89.517176
3321C_2010_318_13_0446_RGB 46420.882810 -3726267.511120 5636.713870 -0.349840 -1.294142 -90.006516
3321C_2010_318_13_0447_RGB 46383.965220 -3727801.497600 5637.075820 -0.401329 -1.108221 -91.237411
3321C_2010_318_13_0448_RGB 46316.901690 -3729337.140420 5636.782750 -0.450256 -1.323863 -92.500262
3321C_2010_318_13_0449_RGB 46256.489710 -3730873.043860 5637.286420 -0.182186 2.160558 -90.473849
3321C_2010_318_13_0450_RGB 46273.062070 -3732408.290530 5635.670410 -0.101098 1.986030 -88.032170
3321C_2010_318_13_0451_RGB 46327.689970 -3733944.882310 5637.886790 -0.120016 0.150094 -87.520233
3321C_2010_318_13_0452_RGB 46350.689130 -3735480.838780 5635.697550 -0.235370 -1.651025 -89.431324
3321C_2010_318_13_0453_RGB 46336.901310 -3737016.917800 5637.115780 -0.362192 -1.101681 -90.288607
3321C_2010_318_13_0454_RGB 46302.811550 -3738553.291260 5635.818800 -0.313271 -0.728093 -90.905627
3321C_2010_318_13_0455_RGB 46280.895140 -3740087.887270 5635.379630 -0.186206 1.638494 -89.378766
3321C_2010_318_13_0456_RGB 46311.709690 -3741623.776100 5636.717030 -0.405195 0.599983 -88.191860
3321C_2010_318_13_0457_RGB 46327.570430 -3743159.749180 5634.001190 -0.326706 -1.794889 -89.911507
3321C_2010_318_13_0458_RGB 46295.337630 -3744696.751350 5634.040410 -0.227786 -1.313143 -91.230728
3321C_2010_318_13_0459_RGB 46248.155590 -3746231.775570 5635.764890 -0.304944 -0.067799 -91.182178
3321C_2010_318_13_0460_RGB 46223.277360 -3747769.084080 5633.457720 0.046243 0.640907 -89.922142
3321C_2010_318_13_0461_RGB 46228.311460 -3749305.053740 5635.333830 0.043838 0.678887 -88.917362
3321C_2010_318_13_0462_RGB 46252.829830 -3750841.456200 5636.510670 -0.220397 0.480774 -88.368616
3321C_2010_318_13_0463_RGB 46262.493450 -3752377.629500 5633.188420 -0.222173 -1.330167 -89.796456
3321C_2010_318_13_0464_RGB 46239.199760 -3753912.885510 5636.461500 -0.288874 -1.188206 -90.597733
3321C_2010_318_13_0465_RGB 46196.710050 -3755449.591710 5634.514270 -0.237167 -0.699359 -91.225048
3321C_2010_318_13_0466_RGB 46160.610430 -3756984.611750 5634.212940 0.113051 1.614186 -89.786378
3321C_2010_318_13_0467_RGB 46185.348660 -3758520.624770 5636.860700 -0.235352 1.277816 -87.983225
3321C_2010_318_13_0468_RGB 46209.002190 -3760057.175850 5632.914800 0.120091 -0.798903 -89.260057
3321C_2010_318_13_0469_RGB 46210.499750 -3761593.688400 5636.471380 -0.112401 0.047537 -89.410090
3321C_2010_318_13_0470_RGB 46220.429160 -3763128.651780 5635.838260 -0.458728 -0.275028 -89.365904
3321C_2010_318_13_0471_RGB 46210.501600 -3764664.683190 5633.160630 -0.386079 -1.326492 -90.400582
3321C_2010_318_13_0472_RGB 46174.583390 -3766201.500290 5636.579960 -0.439951 -0.555072 -91.087870
3321C_2010_318_13_0473_RGB 46142.398370 -3767739.848330 5636.469550 -0.349610 0.778666 -90.267898
