3318B_2016_1142_01_0001_RGB -50263.705913 -3653962.863573 5240.941271 0.697682 0.008422 0.928892
3318B_2016_1142_01_0002_RGB -48741.067730 -3653960.702086 5242.031050 0.347588 0.238300 0.793607
3318B_2016_1142_01_0003_RGB -47216.327634 -3653966.224759 5239.357950 0.916864 0.299287 0.880483
3318B_2016_1142_01_0004_RGB -45688.018199 -3653980.770416 5235.149067 0.825875 0.394429 0.816334
3318B_2016_1142_01_0005_RGB -44162.842865 -3653997.348879 5234.488807 -0.226766 -0.104698 0.856941
3318B_2016_1142_01_0006_RGB -42634.941091 -3653993.218114 5236.762317 -0.915088 -0.029254 0.839625
3318B_2016_1142_01_0007_RGB -41108.637378 -3653963.967612 5209.983402 0.082148 0.928823 0.826853
3318B_2016_1142_01_0008_RGB -39584.180270 -3653949.907352 5217.446222 0.491385 -0.356883 0.790543
3318B_2016_1142_01_0009_RGB -38058.075534 -3653947.574038 5232.642795 0.373877 -0.576151 0.745756
3318B_2016_1142_01_0010_RGB -36529.978891 -3653951.181506 5217.071634 0.383739 0.551149 0.760310
3318B_2016_1142_01_0011_RGB -35005.631503 -3653960.421417 5214.075679 0.078146 -0.173882 0.692541
3318B_2016_1142_01_0012_RGB -33479.137919 -3653953.211660 5214.991779 -0.259616 -0.223250 0.691107
3318B_2016_1142_01_0013_RGB -31960.738148 -3653949.060083 5213.911677 0.314787 0.022276 0.804859
3318B_2016_1142_01_0014_RGB -30434.876366 -3653949.756262 5214.947464 0.167587 -0.103628 0.787225
3318B_2016_1142_01_0015_RGB -28911.048148 -3653944.834281 5215.113032 0.286121 -0.174394 0.707048
3318B_2016_1142_01_0016_RGB -27385.597007 -3653953.249601 5213.573785 0.228410 -0.127397 0.703253
3318B_2016_1142_01_0017_RGB -25861.219235 -3653951.248580 5214.394441 -0.307402 -0.158243 0.656256
3318B_2016_1142_01_0018_RGB -24336.259577 -3653937.255968 5212.640653 0.057392 -0.136928 0.776092
3318B_2016_1142_01_0019_RGB -22809.838991 -3653921.630754 5216.429913 0.108409 -0.216562 0.728891
3318B_2016_1142_01_0020_RGB -21286.843067 -3653916.698427 5205.694862 0.400694 0.422596 0.683397
3318B_2016_1142_01_0021_RGB -19762.553137 -3653913.202503 5204.157545 0.445438 0.195898 0.695482
3318B_2016_1142_01_0022_RGB -18236.493748 -3653911.795728 5208.408561 0.397120 -0.125031 0.569718
3318B_2016_1142_01_0023_RGB -16710.359135 -3653910.737669 5215.425553 0.473479 -0.305611 0.648610
3318B_2016_1142_01_0024_RGB -15185.161052 -3653910.438837 5219.608920 -0.656074 -0.243734 0.674328
3318B_2016_1142_01_0025_RGB -13659.373953 -3653886.257356 5214.353982 -0.360986 -0.005193 0.651031
3318B_2016_1142_01_0026_RGB -12133.024784 -3653877.630336 5208.726408 1.650148 0.246392 0.566219
3318B_2016_1142_01_0027_RGB -10608.270836 -3653884.922392 5214.490713 -0.221330 -0.147980 0.665381
3318B_2016_1142_01_0028_RGB -9083.974103 -3653892.936112 5210.819148 0.917626 0.192569 0.595408
3318B_2016_1142_01_0029_RGB -7559.385364 -3653900.717355 5205.354634 -1.677702 0.116222 0.674363
3318B_2016_1142_01_0030_RGB -6032.899339 -3653872.042416 5205.673669 1.001201 0.132187 0.676757
3318B_2016_1142_01_0031_RGB -4505.875202 -3653861.688880 5212.173461 0.150327 -0.156948 0.781766
3318B_2016_1142_01_0032_RGB -2974.593867 -3653861.812539 5215.460738 0.933539 -0.017943 0.607779
3318B_2016_1142_01_0033_RGB -1450.287468 -3653885.824522 5221.519622 0.110664 -0.104698 0.621554
3318B_2016_1142_01_0034_RGB 79.678577 -3653897.171394 5215.331562 -0.179616 0.309982 0.493589
3318B_2016_1142_01_0035_RGB 1607.424467 -3653900.068112 5222.087992 -0.123223 -0.209189 0.477570
3318B_2016_1142_01_0036_RGB 3056.493691 -3653905.978439 5217.235613 0.057404 0.309252 0.537948
3318B_2016_1142_02_0037_RGB 3756.632470 -3659176.873207 5219.404567 -0.644245 0.512237 -179.600092
3318B_2016_1142_02_0038_RGB 2324.873323 -3659166.427706 5221.925622 1.374152 -0.088585 -179.627520
3318B_2016_1142_02_0039_RGB 817.898532 -3659198.907030 5220.754953 1.127390 -0.441188 -179.614142
3318B_2016_1142_02_0040_RGB -689.749102 -3659228.831351 5216.688321 -0.862385 -0.346565 -179.700342
3318B_2016_1142_02_0041_RGB -2198.506631 -3659209.792854 5221.735054 -0.444657 0.023875 -179.743416
3318B_2016_1142_02_0042_RGB -3705.233685 -3659204.356978 5224.861150 0.932665 0.002106 -179.787931
3318B_2016_1142_02_0043_RGB -5211.944744 -3659227.700234 5222.564747 -0.327228 0.048985 -179.779317
3318B_2016_1142_02_0044_RGB -6718.392914 -3659222.036403 5222.151905 -1.119787 0.105799 -179.720977
3318B_2016_1142_02_0045_RGB -8226.962384 -3659214.916843 5227.743952 0.149683 0.249866 -179.580368
3318B_2016_1142_02_0046_RGB -9736.331828 -3659229.208519 5220.898304 0.316980 -0.254831 -179.519996
3318B_2016_1142_02_0047_RGB -11243.351513 -3659246.419886 5216.949558 -0.108736 -0.088566 -179.551254
3318B_2016_1142_02_0048_RGB -12751.930554 -3659245.196372 5225.371768 -0.231619 0.037378 -179.477963
3318B_2016_1142_02_0049_RGB -14260.401105 -3659219.648673 5224.119788 -0.281630 -0.088990 -179.498041
3318B_2016_1142_02_0050_RGB -15767.751405 -3659220.323747 5229.011373 0.897689 0.032196 -179.478546
3318B_2016_1142_02_0051_RGB -17278.381795 -3659235.504101 5224.623786 -0.216756 -0.306765 -179.567221
3318B_2016_1142_02_0052_RGB -18787.731691 -3659249.175056 5228.002598 -0.153972 0.169100 -179.313473
3318B_2016_1142_02_0053_RGB -20294.584040 -3659260.173836 5234.156040 -0.077203 0.127707 -179.409833
3318B_2016_1142_02_0054_RGB -21801.845336 -3659274.856917 5235.304351 -0.383981 -0.053009 -179.332552
3318B_2016_1142_02_0055_RGB -23309.276888 -3659276.999388 5228.186373 -1.214598 -0.181207 -179.482555
3318B_2016_1142_02_0056_RGB -24817.975814 -3659263.451640 5229.006235 1.085665 -0.134948 -179.370889
3318B_2016_1142_02_0057_RGB -26327.133040 -3659280.965197 5232.926393 -0.371383 0.070225 -179.355261
3318B_2016_1142_02_0058_RGB -27836.494187 -3659284.551709 5229.767451 -0.748509 0.090833 -179.415352
3318B_2016_1142_02_0059_RGB -29347.678928 -3659270.220661 5234.659684 -0.446280 0.174914 -179.346014
3318B_2016_1142_02_0060_RGB -30855.579062 -3659259.543188 5225.590580 0.035526 -0.252947 -179.332627
3318B_2016_1142_02_0061_RGB -32347.266989 -3659259.284664 5215.415267 0.126557 -0.375690 -179.359124
3318B_2016_1142_02_0062_RGB -33853.826447 -3659264.512668 5214.389754 0.355659 0.159796 -179.323425
3318B_2016_1142_02_0063_RGB -35361.711171 -3659281.527297 5210.483396 -0.381801 -0.111754 -179.276045
3318B_2016_1142_02_0064_RGB -36866.293449 -3659287.276273 5197.698323 -0.468272 -0.074612 -179.305312
3318B_2016_1142_02_0065_RGB -38376.569774 -3659302.024055 5197.302548 -0.430173 0.068507 -179.309133
3318B_2016_1142_02_0066_RGB -39882.141760 -3659307.558126 5185.754175 -0.025084 -0.215165 -179.294642
3318B_2016_1142_02_0067_RGB -41393.396889 -3659320.773170 5192.878585 0.042666 0.169600 -179.236767
3318B_2016_1142_02_0068_RGB -42901.676132 -3659324.952326 5200.439712 -1.253933 0.463552 -179.368905
3318B_2016_1142_02_0069_RGB -44414.287783 -3659310.029340 5198.493820 0.615631 -0.128407 -179.230405
3318B_2016_1142_02_0070_RGB -45922.169314 -3659313.811345 5197.830866 0.676611 0.252913 -179.254208
3318B_2016_1142_02_0071_RGB -47430.158099 -3659338.782371 5204.532532 -0.115961 -0.061879 -179.207659
3318B_2016_1142_02_0072_RGB -48933.547175 -3659340.840953 5193.711881 -0.500193 -0.210687 -179.219210
3318B_2016_1142_02_0073_RGB -50438.717818 -3659357.560011 5194.415465 -0.291580 0.211700 -179.232743
3318B_2016_1142_03_0074_RGB -50405.105487 -3664797.315966 5209.029307 0.893194 0.489889 0.816561
3318B_2016_1142_03_0075_RGB -48852.637702 -3664789.984597 5212.095060 0.963260 0.111143 0.783261
3318B_2016_1142_03_0076_RGB -47301.623033 -3664798.798716 5219.175300 -0.255043 -0.338473 0.873160
3318B_2016_1142_03_0077_RGB -45750.863679 -3664796.507705 5213.507132 0.021222 0.326945 0.841277
3318B_2016_1142_03_0078_RGB -44199.438595 -3664793.573776 5208.890070 0.552803 0.149385 0.751756
3318B_2016_1142_03_0079_RGB -42648.695806 -3664799.323519 5214.314048 -0.240869 -0.048460 0.776331
3318B_2016_1142_03_0080_RGB -41096.205528 -3664787.098909 5208.711795 -0.328879 0.173639 0.811570
3318B_2016_1142_03_0081_RGB -39544.722557 -3664786.172894 5206.607769 0.576111 0.303633 0.725164
3318B_2016_1142_03_0082_RGB -37991.745441 -3664783.225163 5203.356487 0.096624 0.036025 0.769172
3318B_2016_1142_03_0083_RGB -36439.726571 -3664782.407828 5211.401017 -0.288859 -0.224940 0.860697
3318B_2016_1142_03_0084_RGB -34885.686052 -3664771.431808 5208.429490 -0.148675 0.178221 0.757370
3318B_2016_1142_03_0085_RGB -33330.058832 -3664750.508906 5211.243756 0.312532 -0.038615 0.786116
3318B_2016_1142_03_0086_RGB -31779.617669 -3664743.310379 5222.870478 0.321843 -0.377604 0.775204
3318B_2016_1142_03_0087_RGB -30225.379835 -3664748.360448 5225.531457 0.313402 0.183829 0.871562
3318B_2016_1142_03_0088_RGB -28673.075216 -3664730.707339 5212.654572 -0.529793 0.449611 0.782372
3318B_2016_1142_03_0089_RGB -27130.848772 -3664710.920737 5221.088732 0.656610 -0.123515 0.828393
3318B_2016_1142_03_0090_RGB -25584.102135 -3664705.415434 5224.884398 0.611559 0.289866 0.757412
3318B_2016_1142_03_0091_RGB -24027.211822 -3664708.816720 5221.662444 0.279887 0.224610 0.914141
3318B_2016_1142_03_0092_RGB -22478.156205 -3664712.823770 5224.850835 -0.201615 -0.021862 0.902167
3318B_2016_1142_03_0093_RGB -20928.321062 -3664715.286092 5220.277143 0.793890 0.245865 0.709808
3318B_2016_1142_03_0094_RGB -19376.301922 -3664718.079391 5230.789302 -0.225344 -0.465672 0.743683
3318B_2016_1142_03_0095_RGB -17822.300135 -3664716.996436 5233.326444 0.000988 0.068791 0.787577
3318B_2016_1142_03_0096_RGB -16271.045628 -3664712.915466 5220.070749 -0.355774 0.395166 0.834376
3318B_2016_1142_03_0097_RGB -14719.683713 -3664713.113200 5225.117139 0.792686 -0.102893 0.731611
3318B_2016_1142_03_0098_RGB -13169.734536 -3664727.030659 5209.370600 0.101270 0.625058 0.609586
3318B_2016_1142_03_0099_RGB -11620.684579 -3664736.158414 5204.348170 -0.142462 0.026048 0.652740
3318B_2016_1142_03_0100_RGB -10069.897288 -3664742.836564 5209.683806 0.661516 -0.249780 0.646593
3318B_2016_1142_03_0101_RGB -8532.811760 -3664755.423798 5208.198867 -1.151222 -0.037523 0.668179
3318B_2016_1142_03_0102_RGB -6979.220629 -3664726.272202 5218.741712 -0.736105 -0.467654 0.724993
3318B_2016_1142_03_0103_RGB -5426.338487 -3664686.531002 5221.121615 -0.096748 -0.038318 0.779550
3318B_2016_1142_03_0104_RGB -3874.795936 -3664662.179414 5218.582297 1.929630 0.349579 0.576332
3318B_2016_1142_03_0105_RGB -2322.025460 -3664680.522227 5227.194236 0.753073 -0.295992 0.600423
3318B_2016_1142_03_0106_RGB -771.070050 -3664706.671823 5223.566628 -0.011134 -0.000874 0.663235
3318B_2016_1142_03_0107_RGB 783.194420 -3664707.481464 5225.275642 -0.592555 -0.126638 0.485628
3318B_2016_1142_03_0108_RGB 2335.758684 -3664700.742341 5214.705244 -0.602678 0.182310 0.509217
3318B_2016_1142_03_0109_RGB 3887.801826 -3664692.693782 5217.601975 0.746779 -0.326010 0.498316
3318B_2016_1142_04_0110_RGB 3882.523139 -3670070.224838 5215.597578 0.080819 0.042592 -179.757449
3318B_2016_1142_04_0111_RGB 2408.913142 -3670086.398526 5225.856603 -0.732775 0.464963 -179.823328
3318B_2016_1142_04_0112_RGB 855.521593 -3670084.113139 5225.249729 0.101939 0.042156 -179.774567
3318B_2016_1142_04_0113_RGB -696.036876 -3670085.451047 5234.479108 0.506549 0.401800 -179.799312
3318B_2016_1142_04_0114_RGB -2249.389857 -3670084.384203 5229.224106 0.088218 -0.577647 -179.741164
3318B_2016_1142_04_0115_RGB -3801.385539 -3670088.403552 5224.704079 -0.088439 -0.115601 -179.656555
3318B_2016_1142_04_0116_RGB -5354.950493 -3670099.978908 5234.300883 0.344724 0.185154 -179.704615
3318B_2016_1142_04_0117_RGB -6910.155195 -3670099.304560 5237.201251 -1.207647 -0.038221 -179.787973
3318B_2016_1142_04_0118_RGB -8464.802706 -3670076.772484 5236.182823 -0.115388 0.177676 -179.779213
3318B_2016_1142_04_0119_RGB -10019.297961 -3670062.033716 5229.467058 0.516170 -0.480887 -179.740718
3318B_2016_1142_04_0120_RGB -11574.252302 -3670079.263312 5229.254969 0.384529 0.009918 -179.735154
3318B_2016_1142_04_0121_RGB -13126.709937 -3670097.063046 5232.615719 -0.585826 -0.070820 -179.870954
3318B_2016_1142_04_0122_RGB -14681.019315 -3670095.711589 5227.517554 0.005708 -0.165832 -179.813215
3318B_2016_1142_04_0123_RGB -16232.972970 -3670091.609388 5237.027403 -0.679799 0.355475 -179.715520
3318B_2016_1142_04_0124_RGB -17787.169129 -3670090.429967 5214.850549 0.642328 -0.803440 -179.850477
3318B_2016_1142_04_0125_RGB -19338.561311 -3670114.982841 5207.462415 0.289030 -0.217993 -179.741875
3318B_2016_1142_04_0126_RGB -20889.987764 -3670147.181917 5207.693326 -1.063750 0.440701 -179.837890
3318B_2016_1142_04_0127_RGB -22442.560827 -3670154.568761 5219.900819 -0.653913 0.314267 -179.795570
3318B_2016_1142_04_0128_RGB -23996.214643 -3670144.098795 5206.664961 -0.443730 -0.254381 -179.796147
3318B_2016_1142_04_0129_RGB -25536.174125 -3670119.851153 5210.776076 0.204505 0.163063 -179.778634
3318B_2016_1142_04_0130_RGB -27088.047890 -3670114.945994 5217.419019 -0.030076 0.145847 -179.897826
3318B_2016_1142_04_0131_RGB -28642.119704 -3670124.557123 5209.372943 0.835953 -0.418354 -179.782293
3318B_2016_1142_04_0132_RGB -30194.959343 -3670147.223705 5209.891314 -0.410761 0.147605 -179.825483
3318B_2016_1142_04_0133_RGB -31747.205033 -3670151.875514 5212.639197 -0.416139 0.167181 -179.840860
3318B_2016_1142_04_0134_RGB -33301.206975 -3670152.543776 5215.679391 -0.204491 0.137703 -179.833005
3318B_2016_1142_04_0135_RGB -34854.626184 -3670152.369485 5217.102520 0.188130 -0.065590 -179.816557
3318B_2016_1142_04_0136_RGB -36410.064185 -3670162.731919 5216.359966 -0.769867 -0.090078 -179.820331
3318B_2016_1142_04_0137_RGB -37963.797583 -3670174.487382 5220.329665 -0.220157 -0.029979 -179.785253
3318B_2016_1142_04_0138_RGB -39518.910481 -3670188.357570 5215.362712 -0.335948 -0.115479 -179.758577
3318B_2016_1142_04_0139_RGB -41071.335078 -3670188.954387 5228.034061 -0.405711 0.372638 -179.795288
3318B_2016_1142_04_0140_RGB -42626.216563 -3670183.082563 5217.430424 -0.048405 -0.401385 -179.764571
3318B_2016_1142_04_0141_RGB -44179.123163 -3670186.521177 5213.358886 0.475855 -0.027209 -179.720084
3318B_2016_1142_04_0142_RGB -45732.098901 -3670203.504774 5213.054383 -0.006939 -0.075167 -179.790340
3318B_2016_1142_04_0143_RGB -47283.473216 -3670230.082430 5212.149684 -0.053373 -0.076747 -179.655909
3318B_2016_1142_04_0144_RGB -48836.277026 -3670236.755620 5217.076094 -0.993822 0.156242 -179.752789
3318B_2016_1142_04_0145_RGB -50387.806237 -3670224.990489 5213.966671 -0.887623 -0.204163 -179.780665
3318B_2016_1142_05_0146_RGB -50348.801524 -3675534.273376 5196.522631 0.545219 0.547697 0.549337
3318B_2016_1142_05_0147_RGB -48798.900139 -3675541.639330 5195.424428 -0.062400 0.059124 0.746475
3318B_2016_1142_05_0148_RGB -47247.958781 -3675547.054695 5198.718502 0.249783 -0.074356 0.562250
3318B_2016_1142_05_0149_RGB -45699.478007 -3675553.762540 5207.942994 0.392225 -0.274853 0.550234
3318B_2016_1142_05_0150_RGB -44147.066196 -3675565.331395 5206.890091 1.015986 0.173328 0.509351
3318B_2016_1142_05_0151_RGB -42595.113459 -3675585.711575 5200.208762 0.335097 0.200500 0.571633
3318B_2016_1142_05_0152_RGB -41046.706928 -3675596.116668 5207.078266 -1.048410 -0.351366 0.660939
3318B_2016_1142_05_0153_RGB -39493.535847 -3675574.207413 5215.356157 0.783834 0.150325 0.503247
3318B_2016_1142_05_0154_RGB -37942.708376 -3675568.423861 5204.756390 0.054222 0.517991 0.681262
3318B_2016_1142_05_0155_RGB -36390.219801 -3675549.289941 5212.711551 -1.094536 -0.465272 0.601078
3318B_2016_1142_05_0156_RGB -34839.445596 -3675522.407119 5216.386589 1.259971 0.160059 0.535081
3318B_2016_1142_05_0157_RGB -33289.039334 -3675532.494796 5215.899854 0.213857 0.011066 0.590463
3318B_2016_1142_05_0158_RGB -31738.850731 -3675526.752041 5226.930819 -0.524403 -0.422527 0.619286
3318B_2016_1142_05_0159_RGB -30186.776373 -3675509.436661 5227.778872 0.580515 0.125842 0.614676
3318B_2016_1142_05_0160_RGB -28635.959155 -3675506.539893 5222.214057 0.326342 0.349960 0.552216
3318B_2016_1142_05_0161_RGB -27084.074760 -3675500.526693 5225.550078 -0.076035 -0.081732 0.623607
3318B_2016_1142_05_0162_RGB -25537.238116 -3675494.245496 5227.398932 0.563901 0.320439 0.628938
3318B_2016_1142_05_0163_RGB -23985.947972 -3675498.182579 5219.493629 0.963035 0.451108 0.561759
3318B_2016_1142_05_0164_RGB -22435.918345 -3675502.291303 5219.058966 0.025693 0.037670 0.666356
3318B_2016_1142_05_0165_RGB -20884.092163 -3675498.101088 5221.835575 -0.545436 -0.216719 0.543819
3318B_2016_1142_05_0166_RGB -19332.132187 -3675475.863976 5220.044179 0.209882 0.155473 0.560913
3318B_2016_1142_05_0167_RGB -17779.597299 -3675475.123865 5212.360974 0.599508 0.225241 0.643668
3318B_2016_1142_05_0168_RGB -16227.313900 -3675459.986485 5212.915994 0.339231 0.000276 0.623310
3318B_2016_1142_05_0169_RGB -14675.849447 -3675472.852839 5219.384758 0.104685 -0.135322 0.665187
3318B_2016_1142_05_0170_RGB -13124.621566 -3675465.083035 5216.982956 -0.831881 0.167606 0.643228
3318B_2016_1142_05_0171_RGB -11573.713995 -3675443.011208 5207.760402 0.374891 0.311445 0.641839
3318B_2016_1142_05_0172_RGB -10024.013936 -3675430.869069 5215.340564 0.726833 -0.264967 0.584974
3318B_2016_1142_05_0173_RGB -8474.031090 -3675440.101161 5223.997596 0.970834 -0.282932 0.537845
3318B_2016_1142_05_0174_RGB -6923.950672 -3675462.640937 5223.430517 -0.594981 -0.012084 0.530318
3318B_2016_1142_05_0175_RGB -5371.416511 -3675465.897682 5228.594648 -1.035897 -0.343981 0.514763
3318B_2016_1142_05_0176_RGB -3819.838417 -3675448.727065 5232.456277 0.648482 0.016171 0.444276
3318B_2016_1142_05_0177_RGB -2268.258491 -3675459.971009 5231.829394 0.380332 0.227321 0.500482
3318B_2016_1142_05_0178_RGB -716.405202 -3675475.166357 5233.911007 -0.551789 -0.138782 0.527002
3318B_2016_1142_05_0179_RGB 835.593817 -3675471.032388 5242.690210 -0.317634 -0.269504 0.532610
3318B_2016_1142_05_0180_RGB 2386.675099 -3675467.332060 5232.479000 0.691823 0.575715 0.410874
3318B_2016_1142_05_0181_RGB 3864.314387 -3675478.080092 5227.787954 -0.345839 0.113021 0.449911
3318B_2016_1142_06_0182_RGB 3943.585417 -3680843.923253 5231.031626 0.064253 0.225051 -179.622474
3318B_2016_1142_06_0183_RGB 2390.427438 -3680853.128831 5245.826812 -0.002817 0.319336 -179.649926
3318B_2016_1142_06_0184_RGB 840.870642 -3680859.669864 5224.440622 0.339877 -0.985687 -179.631704
3318B_2016_1142_06_0185_RGB -709.152801 -3680873.578856 5216.338214 0.183643 0.171781 -179.645574
3318B_2016_1142_06_0186_RGB -2259.513853 -3680880.630139 5219.542379 -0.624576 0.083381 -179.550027
3318B_2016_1142_06_0187_RGB -3811.847188 -3680886.922304 5219.831044 0.072504 -0.014055 -179.589991
3318B_2016_1142_06_0188_RGB -5363.283559 -3680899.543004 5217.846080 -1.049656 0.105899 -179.539113
3318B_2016_1142_06_0189_RGB -6916.391755 -3680891.146928 5217.055863 0.653997 -0.072386 -179.452705
3318B_2016_1142_06_0190_RGB -8468.362398 -3680907.002860 5219.405949 -0.847989 0.237790 -179.402332
3318B_2016_1142_06_0191_RGB -10020.367803 -3680893.209866 5216.916752 -0.346685 0.131660 -179.486188
3318B_2016_1142_06_0192_RGB -11571.777511 -3680886.508560 5214.623702 0.754385 -0.050959 -179.449514
3318B_2016_1142_06_0193_RGB -13120.607764 -3680895.979477 5214.856314 -0.272039 0.137628 -179.489597
3318B_2016_1142_06_0194_RGB -14670.414396 -3680893.565407 5207.566462 0.234543 -0.342700 -179.456842
3318B_2016_1142_06_0195_RGB -16218.849454 -3680910.785448 5204.818749 0.589631 0.059329 -179.476497
3318B_2016_1142_06_0196_RGB -17769.929542 -3680910.392751 5202.765543 -0.984406 0.055461 -179.579748
3318B_2016_1142_06_0197_RGB -19320.048206 -3680887.977655 5199.555307 -0.152984 -0.063583 -179.517234
3318B_2016_1142_06_0198_RGB -20872.967026 -3680889.251250 5205.021871 -0.029172 0.381765 -179.546642
3318B_2016_1142_06_0199_RGB -22410.557832 -3680894.714066 5201.891789 0.960278 -0.268677 -179.357655
3318B_2016_1142_06_0200_RGB -23959.474447 -3680930.935736 5207.237857 0.283424 0.359636 -179.356732
3318B_2016_1142_06_0201_RGB -25510.639909 -3680964.266404 5205.940387 -0.762564 -0.162368 -179.339334
3318B_2016_1142_06_0202_RGB -27064.842921 -3680969.903586 5206.126223 -0.355438 0.170595 -179.391198
3318B_2016_1142_06_0203_RGB -28616.147368 -3680955.759760 5211.716084 -0.785947 0.006095 -179.336025
3318B_2016_1142_06_0204_RGB -30166.664431 -3680937.079197 5199.458618 1.709198 -0.597515 -179.325180
3318B_2016_1142_06_0205_RGB -31715.570282 -3680957.828678 5199.791817 -1.051175 0.196410 -179.309858
3318B_2016_1142_06_0206_RGB -33267.891439 -3680972.479262 5202.141778 0.762734 -0.114692 -179.148842
3318B_2016_1142_06_0207_RGB -34821.053202 -3680970.424718 5203.723406 -1.162925 0.092573 -179.251355
3318B_2016_1142_06_0208_RGB -36373.678325 -3680950.980268 5206.927114 2.412860 0.027453 -179.201000
3318B_2016_1142_06_0209_RGB -37926.478728 -3680974.647951 5213.752878 -0.359436 0.183335 -179.230854
3318B_2016_1142_06_0210_RGB -39477.395766 -3680984.147884 5209.307434 0.172642 -0.034782 -179.334289
3318B_2016_1142_06_0211_RGB -41028.360236 -3681001.360401 5205.874157 0.162038 -0.014650 -179.263024
3318B_2016_1142_06_0212_RGB -42576.223149 -3681015.916646 5200.338940 -1.470071 -0.048165 -179.346262
3318B_2016_1142_06_0213_RGB -44129.978833 -3681005.695408 5200.364108 0.398561 0.042586 -179.262503
3318B_2016_1142_06_0214_RGB -45676.345654 -3681013.962276 5207.447109 0.074010 0.219924 -179.340636
3318B_2016_1142_06_0215_RGB -47228.130987 -3681020.103947 5200.879469 -0.347577 -0.279572 -179.264884
3318B_2016_1142_06_0216_RGB -48779.502654 -3681031.800754 5205.799639 0.690480 0.010882 -179.170018
3318B_2016_1142_06_0217_RGB -50332.298465 -3681044.172389 5196.149115 -2.149098 -0.055682 -179.296006
3318B_2016_1142_07_0218_RGB -50105.995314 -3686385.859912 5233.936688 -2.872762 0.338125 0.960487
3318B_2016_1142_07_0219_RGB -48564.172046 -3686334.560084 5231.467701 1.726310 0.409877 0.876700
3318B_2016_1142_07_0220_RGB -47020.779650 -3686333.838513 5222.923162 0.760606 0.661375 0.879422
3318B_2016_1142_07_0221_RGB -45480.204100 -3686348.402482 5230.828199 0.974021 -0.151997 0.845363
3318B_2016_1142_07_0222_RGB -43936.867333 -3686363.554402 5239.067246 -0.237470 -0.117761 0.847316
3318B_2016_1142_07_0223_RGB -42392.335475 -3686362.540594 5232.621512 -0.880604 0.329526 0.932206
3318B_2016_1142_07_0224_RGB -40847.999652 -3686347.663449 5234.639350 0.271525 -0.009778 0.837576
3318B_2016_1142_07_0225_RGB -39304.764367 -3686335.975288 5245.906494 0.401611 -0.407833 0.796818
3318B_2016_1142_07_0226_RGB -37761.132825 -3686347.328489 5238.074309 0.317605 0.442804 0.920635
3318B_2016_1142_07_0227_RGB -36217.190400 -3686360.249934 5242.909570 0.463303 -0.077471 0.766202
3318B_2016_1142_07_0228_RGB -34676.226109 -3686361.121218 5239.562530 -1.178571 0.244348 0.760209
3318B_2016_1142_07_0229_RGB -33136.904147 -3686326.849280 5218.367637 -0.717012 0.756562 0.812906
3318B_2016_1142_07_0230_RGB -31598.290657 -3686303.085306 5231.692041 0.965102 -0.507419 0.848105
3318B_2016_1142_07_0231_RGB -30057.031012 -3686316.948451 5235.187336 0.898757 0.194669 0.776354
3318B_2016_1142_07_0232_RGB -28515.787628 -3686338.200345 5228.329799 -0.658305 0.214902 0.783588
3318B_2016_1142_07_0233_RGB -26971.268187 -3686330.308448 5231.178528 -0.728145 -0.326327 0.746619
3318B_2016_1142_07_0234_RGB -25428.810074 -3686310.375408 5232.098784 0.659644 -0.022506 0.770029
3318B_2016_1142_07_0235_RGB -23885.587996 -3686317.123090 5228.408882 1.258452 0.272525 0.762429
3318B_2016_1142_07_0236_RGB -22345.795503 -3686325.721652 5226.748455 -0.073549 0.076695 0.727022
3318B_2016_1142_07_0237_RGB -20798.968663 -3686329.508912 5227.171699 0.482026 0.078110 0.647579
3318B_2016_1142_07_0238_RGB -19256.545534 -3686333.633991 5228.214326 -0.427083 -0.178889 0.607219
3318B_2016_1142_07_0239_RGB -17717.203567 -3686315.820060 5236.142558 -0.337574 -0.512865 0.702677
3318B_2016_1142_07_0240_RGB -16172.006581 -3686302.960238 5232.117275 1.260949 0.430122 0.617211
3318B_2016_1142_07_0241_RGB -14631.691913 -3686298.982953 5218.830937 0.105227 0.551686 0.607591
3318B_2016_1142_07_0242_RGB -13089.569488 -3686294.045426 5203.945072 -0.023257 0.608532 0.538397
3318B_2016_1142_07_0243_RGB -11547.517690 -3686301.933363 5204.512152 0.609266 -0.232460 0.571254
3318B_2016_1142_07_0244_RGB -10004.812970 -3686304.993290 5215.564799 0.145597 -0.392374 0.565407
3318B_2016_1142_07_0245_RGB -8464.970222 -3686299.396353 5220.985339 -0.106201 -0.342128 0.587617
3318B_2016_1142_07_0246_RGB -6920.785158 -3686290.842603 5230.915473 -0.066452 -0.459655 0.552910
3318B_2016_1142_07_0247_RGB -5379.735979 -3686274.676898 5223.804086 -0.413686 0.162291 0.531789
3318B_2016_1142_07_0248_RGB -3836.707623 -3686276.971142 5209.008556 1.331178 0.711112 0.434149
3318B_2016_1142_07_0249_RGB -2294.550288 -3686289.661323 5208.147563 -0.190530 -0.128741 0.429657
3318B_2016_1142_07_0250_RGB -752.141382 -3686287.341626 5214.075694 0.692937 -0.148024 0.470239
3318B_2016_1142_07_0251_RGB 790.250090 -3686296.145088 5209.921767 0.149248 0.131372 0.416336
3318B_2016_1142_07_0252_RGB 2331.660407 -3686305.256674 5212.507395 0.292813 -0.045303 0.451937
3318B_2016_1142_07_0253_RGB 3874.356422 -3686314.532608 5218.513795 -0.388628 -0.179006 0.479577
3318B_2016_1142_08_0254_RGB 4147.062165 -3691642.280554 5216.791979 0.249378 -0.369606 -179.557429
3318B_2016_1142_08_0255_RGB 2557.707609 -3691653.282370 5216.447666 0.063741 0.000585 -179.694234
3318B_2016_1142_08_0256_RGB 968.584764 -3691645.361929 5238.960004 -1.446315 0.374424 -179.647315
3318B_2016_1142_08_0257_RGB -622.724266 -3691641.158925 5219.926226 0.725440 -0.772028 -179.676859
3318B_2016_1142_08_0258_RGB -2212.637974 -3691664.277872 5213.975370 -0.210673 0.124203 -179.697085
3318B_2016_1142_08_0259_RGB -3803.338713 -3691681.616807 5218.645824 -0.192886 0.129977 -179.691647
3318B_2016_1142_08_0260_RGB -5392.231927 -3691681.334185 5215.227637 0.314251 -0.110842 -179.680111
3318B_2016_1142_08_0261_RGB -6980.313134 -3691681.116411 5216.951399 -0.434021 0.090866 -179.637695
3318B_2016_1142_08_0262_RGB -8566.572398 -3691675.600236 5220.082182 0.007663 0.084331 -179.723709
3318B_2016_1142_08_0263_RGB -10154.590690 -3691678.813419 5223.945913 0.770731 0.126200 -179.589794
3318B_2016_1142_08_0264_RGB -11526.769516 -3691680.330821 5225.920382 -0.577100 -0.001867 -179.620641
3318B_2016_1142_08_0265_RGB -12897.370347 -3691674.615961 5222.844335 -0.766963 -0.119297 -179.677022
3318B_2016_1142_08_0266_RGB -14228.541734 -3691667.781639 5223.587337 0.588979 -0.148078 -179.562565
3318B_2016_1142_08_0267_RGB -15577.124229 -3691671.911608 5225.917248 0.684396 -0.048453 -179.458204
3318B_2016_1142_08_0268_RGB -16922.792433 -3691693.801070 5228.316298 0.449145 -0.070295 -179.366792
3318B_2016_1142_08_0269_RGB -18440.709076 -3691699.964424 5238.820754 -1.156010 0.260540 -179.595394
3318B_2016_1142_08_0270_RGB -19984.651239 -3691656.588741 5233.223581 0.665691 -0.377217 -179.517869
3318B_2016_1142_08_0271_RGB -21546.741553 -3691666.069027 5227.603195 0.223090 -0.093574 -179.515646
3318B_2016_1142_08_0272_RGB -23112.810580 -3691673.976341 5237.236842 -0.424199 0.209190 -179.480316
3318B_2016_1142_08_0273_RGB -24679.524933 -3691683.276837 5243.434556 0.071934 0.134761 -179.444182
3318B_2016_1142_08_0274_RGB -26245.778198 -3691707.061339 5242.489330 0.605182 -0.275947 -179.444534
3318B_2016_1142_08_0275_RGB -27810.664732 -3691702.108405 5239.356392 -1.585088 -0.379575 -179.473873
3318B_2016_1142_08_0276_RGB -29375.553549 -3691699.094420 5246.949320 0.010536 0.368624 -179.456438
3318B_2016_1142_08_0277_RGB -30964.044383 -3691714.519416 5255.040329 0.122935 0.027596 -179.347948
3318B_2016_1142_08_0278_RGB -32552.608467 -3691719.563830 5250.999809 0.225590 -0.204356 -179.526026
3318B_2016_1142_08_0279_RGB -34156.926097 -3691711.260741 5252.459863 -0.937337 0.103999 -179.516330
3318B_2016_1142_08_0280_RGB -35763.559301 -3691688.638937 5234.792138 1.653520 -1.113577 -179.376275
3318B_2016_1142_08_0281_RGB -37374.219142 -3691719.497881 5231.957611 0.648211 0.128937 -179.457082
3318B_2016_1142_08_0282_RGB -38990.471977 -3691759.086518 5231.532169 -0.381951 -0.247536 -179.518313
3318B_2016_1142_08_0283_RGB -40610.268717 -3691761.396378 5237.631874 -1.204253 0.522651 -179.438803
3318B_2016_1142_08_0284_RGB -42234.458637 -3691758.327331 5249.058362 0.070247 0.278214 -179.465867
3318B_2016_1142_08_0285_RGB -43859.022522 -3691762.519509 5252.616761 -0.286895 0.089059 -179.511365
3318B_2016_1142_08_0286_RGB -45485.405486 -3691773.243717 5240.805291 1.274354 -0.553386 -179.561938
3318B_2016_1142_08_0287_RGB -47111.765582 -3691782.741267 5235.126343 0.139263 -0.069864 -179.439326
3318B_2016_1142_08_0288_RGB -48739.070506 -3691808.410002 5240.775409 -1.014616 0.316315 -179.470370
3318B_2016_1142_08_0289_RGB -50365.480581 -3691802.804117 5241.526909 -0.527724 0.052336 -179.552314
3318B_2016_1142_09_0290_RGB -50054.569172 -3696726.867051 5226.967718 -0.861565 0.849268 0.718311
3318B_2016_1142_09_0291_RGB -48479.607780 -3696706.829839 5239.702709 1.757382 0.087376 0.709422
3318B_2016_1142_09_0292_RGB -46912.570286 -3696723.094647 5243.028996 -0.429917 -0.091346 0.697295
3318B_2016_1142_09_0293_RGB -45347.834089 -3696727.792176 5242.693662 -1.358390 -0.183636 0.702357
3318B_2016_1142_09_0294_RGB -43781.941856 -3696714.658922 5251.570633 1.707432 0.017525 0.624899
3318B_2016_1142_09_0295_RGB -42218.158240 -3696721.840344 5242.358329 -0.912192 0.353141 0.639775
3318B_2016_1142_09_0296_RGB -40648.545551 -3696725.643110 5238.374724 0.686011 0.545989 0.665019
3318B_2016_1142_09_0297_RGB -39085.826131 -3696714.744991 5239.906809 -0.649705 -0.034230 0.800834
3318B_2016_1142_09_0298_RGB -37522.172767 -3696689.762860 5236.661314 -0.120670 0.289126 0.557918
3318B_2016_1142_09_0299_RGB -35963.827672 -3696676.147946 5240.399521 0.201430 -0.196164 0.676306
3318B_2016_1142_09_0300_RGB -34411.566630 -3696668.860642 5236.460773 0.425255 0.201806 0.583325
3318B_2016_1142_09_0301_RGB -32858.787590 -3696660.617465 5242.550378 0.282020 -0.294028 0.557986
3318B_2016_1142_09_0302_RGB -31323.406253 -3696659.445411 5256.937355 0.571148 -0.313205 0.485575
3318B_2016_1142_09_0303_RGB -29806.161418 -3696659.206007 5260.292934 -0.863872 -0.140066 0.580316
3318B_2016_1142_09_0304_RGB -28285.458770 -3696658.587881 5259.395878 1.027480 0.307346 0.468397
3318B_2016_1142_09_0305_RGB -26766.208247 -3696672.244903 5250.737722 0.271947 0.248912 0.437043
3318B_2016_1142_09_0306_RGB -25248.313874 -3696677.052942 5245.476046 -0.839619 0.390762 0.490958
3318B_2016_1142_09_0307_RGB -23731.139999 -3696670.161779 5243.558210 -0.243034 -0.053685 0.388731
3318B_2016_1142_09_0308_RGB -22213.081603 -3696651.076165 5251.728101 -1.099331 -0.341844 0.404650
3318B_2016_1142_09_0309_RGB -20694.091607 -3696627.465564 5247.701890 1.866412 0.404911 0.376171
3318B_2016_1142_09_0310_RGB -19174.915918 -3696648.350309 5241.817575 1.193078 0.346720 0.302639
3318B_2016_1142_09_0311_RGB -17691.032657 -3696669.766324 5240.433007 -0.864925 -0.011878 0.335523
3318B_2016_1142_09_0312_RGB -16208.384069 -3696658.264738 5239.643467 -1.037652 0.000235 0.407125
3318B_2016_1142_09_0313_RGB -14750.016069 -3696631.955300 5236.697869 -0.334150 0.037751 0.406089
3318B_2016_1142_09_0314_RGB -13385.549462 -3696602.352505 5236.310373 0.509810 0.024822 0.343445
3318B_2016_1142_09_0315_RGB -12023.722897 -3696609.855533 5236.785204 1.441337 0.069182 0.375267
3318B_2016_1142_09_0316_RGB -10668.875189 -3696631.437630 5236.526867 0.707997 0.002811 0.322196
3318B_2016_1142_09_0317_RGB -9313.296279 -3696650.363181 5240.838294 -1.473160 -0.307132 0.307391
3318B_2016_1142_09_0318_RGB -7758.938792 -3696623.811145 5241.945756 -0.317224 -0.133271 0.350472
3318B_2016_1142_09_0319_RGB -6204.815660 -3696607.453781 5240.586708 0.804689 0.125654 0.281975
3318B_2016_1142_09_0320_RGB -4651.556078 -3696611.085853 5237.109904 0.906338 0.365401 0.376876
3318B_2016_1142_09_0321_RGB -3096.998557 -3696637.233446 5244.466325 0.503785 -0.294826 0.361773
3318B_2016_1142_09_0322_RGB -1541.724249 -3696652.255935 5247.388363 -0.094547 -0.086224 0.200000
3318B_2016_1142_09_0323_RGB 13.343445 -3696657.135572 5244.463317 -0.097777 0.165876 0.225138
3318B_2016_1142_09_0324_RGB 1568.573895 -3696659.024895 5250.927720 0.098344 -0.344530 0.318650
3318B_2016_1142_09_0325_RGB 3124.898253 -3696661.641531 5228.877532 -1.171890 0.654874 0.215137
3318B_2016_1142_10_0326_RGB 3196.875023 -3701972.394109 5254.608573 0.037673 0.095332 -179.494789
3318B_2016_1142_10_0327_RGB 1678.747003 -3701944.351023 5248.737375 0.270928 -0.364081 -179.359432
3318B_2016_1142_10_0328_RGB 160.879987 -3701947.814111 5242.585898 0.037803 -0.283509 -179.311764
3318B_2016_1142_10_0329_RGB -1359.225117 -3701929.560720 5244.597040 -1.284574 -0.079649 -179.359580
3318B_2016_1142_10_0330_RGB -2881.847143 -3701900.862824 5241.525947 1.395943 -0.009440 -179.250437
3318B_2016_1142_10_0331_RGB -4402.936350 -3701915.453131 5247.412094 -0.635168 0.128366 -179.220974
3318B_2016_1142_10_0332_RGB -5927.079628 -3701912.022040 5247.133175 -0.788501 0.051474 -179.382399
3318B_2016_1142_10_0333_RGB -7449.019446 -3701906.802060 5250.635603 1.147089 0.066698 -179.259015
3318B_2016_1142_10_0334_RGB -8971.678800 -3701910.175437 5249.992636 -0.719902 -0.028212 -179.265599
3318B_2016_1142_10_0335_RGB -10484.749464 -3701901.086073 5250.901999 0.750229 0.080496 -179.217192
3318B_2016_1142_10_0336_RGB -12006.129387 -3701912.827274 5259.020846 0.345001 0.265728 -179.206831
3318B_2016_1142_10_0337_RGB -13530.239360 -3701931.800469 5243.287102 0.159136 -0.555575 -179.371217
3318B_2016_1142_10_0338_RGB -15045.971238 -3701950.657014 5239.679690 -0.617997 0.163409 -179.319468
3318B_2016_1142_10_0339_RGB -16565.795294 -3701951.062624 5253.420048 -1.245131 0.490506 -179.364374
3318B_2016_1142_10_0340_RGB -18086.199710 -3701934.061445 5238.126592 0.224871 -0.692702 -179.438893
3318B_2016_1142_10_0341_RGB -19606.866374 -3701930.106783 5229.665701 0.132012 -0.087979 -179.361657
3318B_2016_1142_10_0342_RGB -21132.393694 -3701938.289233 5230.125027 0.601739 0.019356 -179.368384
3318B_2016_1142_10_0343_RGB -22653.480709 -3701964.516090 5232.321366 0.173063 0.182467 -179.346539
3318B_2016_1142_10_0344_RGB -24177.731314 -3701969.060590 5225.399808 -1.029886 0.041318 -179.405194
3318B_2016_1142_10_0345_RGB -25700.375344 -3701944.769291 5221.082585 0.230471 -0.020449 -179.329893
3318B_2016_1142_10_0346_RGB -27224.365467 -3701965.634787 5219.601453 -0.212321 0.108435 -179.330496
3318B_2016_1142_10_0347_RGB -28744.894895 -3701975.560273 5223.808106 0.174252 0.142370 -179.268166
3318B_2016_1142_10_0348_RGB -30266.648494 -3701987.972159 5224.179767 -1.211584 0.069587 -179.254105
3318B_2016_1142_10_0349_RGB -31786.418974 -3701970.462428 5222.328957 -0.448970 0.064125 -179.359522
3318B_2016_1142_10_0350_RGB -33308.361704 -3701968.222552 5227.453470 0.371082 0.057252 -179.203926
3318B_2016_1142_10_0351_RGB -34827.495574 -3701992.862669 5227.379426 0.560695 -0.076797 -179.195468
3318B_2016_1142_10_0352_RGB -36348.623712 -3702007.723158 5227.724439 -0.243205 0.028394 -179.104178
3318B_2016_1142_10_0353_RGB -37871.679516 -3702006.779287 5230.494412 -1.211252 0.109156 -179.244834
3318B_2016_1142_10_0354_RGB -39393.800731 -3701980.508077 5228.281389 0.506730 -0.099553 -179.157055
3318B_2016_1142_10_0355_RGB -40916.803417 -3701978.464026 5224.230427 0.682606 -0.160637 -179.122497
3318B_2016_1142_10_0356_RGB -42437.911098 -3702008.579139 5228.079323 0.397085 0.145098 -179.010756
3318B_2016_1142_10_0357_RGB -43960.931359 -3702028.464174 5222.560896 -0.599397 -0.183247 -178.955358
3318B_2016_1142_10_0358_RGB -45480.494290 -3702025.539671 5224.315695 -0.800460 0.176287 -179.080466
3318B_2016_1142_10_0359_RGB -47000.235383 -3702025.527239 5230.914285 0.788320 0.065112 -179.039586
3318B_2016_1142_10_0360_RGB -48522.588718 -3702044.431648 5231.771494 0.313707 -0.087152 -178.940766
3318B_2016_1142_10_0361_RGB -50045.601108 -3702065.778723 5233.230246 -0.870178 0.145941 -178.958819
3318B_2016_1142_11_0362_RGB -50007.167429 -3707390.390371 5255.202840 1.295169 0.329957 0.643640
3318B_2016_1142_11_0363_RGB -48510.332932 -3707367.869365 5245.044756 -1.201742 0.340831 0.596975
3318B_2016_1142_11_0364_RGB -47015.163226 -3707335.734825 5243.575935 -0.352762 0.111033 0.596023
3318B_2016_1142_11_0365_RGB -45533.028881 -3707308.942845 5237.504340 0.958925 0.310400 0.622717
3318B_2016_1142_11_0366_RGB -44039.559980 -3707304.569135 5246.998677 0.239037 -0.323264 0.658942
3318B_2016_1142_11_0367_RGB -42546.048566 -3707310.554685 5244.001251 0.184087 0.154791 0.698226
3318B_2016_1142_11_0368_RGB -41051.387408 -3707312.876186 5233.785471 -0.560842 0.155367 0.719748
3318B_2016_1142_11_0369_RGB -39558.798430 -3707300.895346 5244.465370 0.284394 -0.437506 0.629723
3318B_2016_1142_11_0370_RGB -38064.014697 -3707313.954350 5244.067579 0.204266 0.065033 0.668346
3318B_2016_1142_11_0371_RGB -36569.571497 -3707329.860180 5231.924355 -0.680966 0.486497 0.626018
3318B_2016_1142_11_0372_RGB -35075.561037 -3707315.597799 5239.632886 -0.358119 -0.372075 0.610043
3318B_2016_1142_11_0373_RGB -33579.657538 -3707298.644872 5256.870133 -0.078595 -0.593076 0.691847
3318B_2016_1142_11_0374_RGB -32085.050800 -3707283.387114 5268.289086 0.171785 -0.422889 0.580352
3318B_2016_1142_11_0375_RGB -30592.262675 -3707280.458808 5281.609809 0.917133 -0.525247 0.562275
3318B_2016_1142_11_0376_RGB -29098.070905 -3707292.761234 5291.967999 -0.274319 -0.328822 0.575188
3318B_2016_1142_11_0377_RGB -27603.849537 -3707281.037717 5302.452237 -0.320345 0.038778 0.527567
3318B_2016_1142_11_0378_RGB -26109.085525 -3707264.317320 5295.160518 0.558802 0.442284 0.551449
3318B_2016_1142_11_0379_RGB -24613.375398 -3707251.658349 5281.930177 0.184151 0.884974 0.443319
3318B_2016_1142_11_0380_RGB -23118.098413 -3707233.398635 5270.426592 -0.585809 0.539533 0.564789
3318B_2016_1142_11_0381_RGB -21623.266187 -3707227.356065 5267.785792 1.431045 0.182555 0.330053
3318B_2016_1142_11_0382_RGB -20126.746140 -3707244.223648 5266.941433 0.411184 0.038006 0.443978
3318B_2016_1142_11_0383_RGB -18630.995859 -3707257.728947 5263.299501 0.349214 0.117229 0.423674
3318B_2016_1142_11_0384_RGB -17135.338319 -3707260.027899 5262.399216 -0.706524 -0.104886 0.412782
3318B_2016_1142_11_0385_RGB -15641.073396 -3707246.008678 5263.355832 -0.482258 -0.135716 0.428056
3318B_2016_1142_11_0386_RGB -14148.227172 -3707234.052938 5266.396133 0.051088 -0.155389 0.458740
3318B_2016_1142_11_0387_RGB -12654.695599 -3707219.186661 5272.302151 -0.638711 -0.354035 0.407086
3318B_2016_1142_11_0388_RGB -11162.502918 -3707207.061437 5288.039158 1.390416 -0.388788 0.358175
3318B_2016_1142_11_0389_RGB -9667.390775 -3707234.329591 5268.081840 0.169215 0.808004 0.406961
3318B_2016_1142_11_0390_RGB -8176.291717 -3707245.458227 5240.770204 -0.346552 0.891932 0.262350
3318B_2016_1142_11_0391_RGB -6678.416820 -3707247.303345 5238.070595 -0.892459 -0.104759 0.346226
3318B_2016_1142_11_0392_RGB -5182.802468 -3707230.968228 5239.916890 0.042490 -0.244144 0.252640
3318B_2016_1142_11_0393_RGB -3690.970101 -3707211.763149 5247.179769 -0.114534 -0.442828 0.415435
3318B_2016_1142_11_0394_RGB -2192.252034 -3707202.321145 5262.223733 1.771325 -0.525119 0.303612
3318B_2016_1142_11_0395_RGB -697.958149 -3707217.438136 5267.210104 -0.464201 -0.275824 0.369778
3318B_2016_1142_11_0396_RGB 798.509869 -3707215.715570 5261.804020 0.307837 0.204230 0.202735
3318B_2016_1142_11_0397_RGB 2289.445786 -3707217.669053 5259.567116 0.078259 0.061953 0.249272
3318B_2016_1142_11_0398_RGB 3781.176815 -3707210.652355 5268.178198 -0.046498 -0.224083 0.231118
3318B_2016_1142_12_0399_RGB -46471.139636 -3712657.748214 5217.094423 -0.163990 -0.066256 91.190131
3318B_2016_1142_12_0400_RGB -46480.193699 -3711181.033206 5222.687055 0.076806 1.966565 91.161468
3318B_2016_1142_12_0401_RGB -46467.027740 -3709708.852439 5223.189442 -0.106637 -0.311085 91.046669
3318B_2016_1142_12_0402_RGB -46466.844769 -3708244.436851 5208.923099 0.009837 -1.076141 91.097555
3318B_2016_1142_12_0403_RGB -46483.775067 -3706769.088539 5210.557445 0.094542 0.318230 91.066229
3318B_2016_1142_12_0404_RGB -46494.020717 -3705296.225110 5202.472685 -0.142226 0.214893 91.054126
3318B_2016_1142_12_0405_RGB -46483.865200 -3703823.126077 5211.392213 0.307909 0.239934 91.108596
3318B_2016_1142_12_0406_RGB -46477.415873 -3702349.967510 5203.448252 -0.232897 -0.645682 91.118750
3318B_2016_1142_12_0407_RGB -46496.832715 -3700877.762825 5202.217512 0.033836 0.317636 91.184546
3318B_2016_1142_12_0408_RGB -46495.546413 -3699403.892713 5198.796553 -0.153160 0.769033 91.155090
3318B_2016_1142_12_0409_RGB -46495.192756 -3697931.648370 5206.224097 0.320924 -0.765151 91.149715
3318B_2016_1142_12_0410_RGB -46514.969039 -3696459.541837 5209.958167 0.168292 -0.338672 91.135685
3318B_2016_1142_12_0411_RGB -46530.014886 -3694985.597174 5211.039926 0.020590 0.564052 91.173104
3318B_2016_1142_12_0412_RGB -46525.664276 -3693512.001087 5206.814769 -0.026269 -0.557672 91.169432
3318B_2016_1142_12_0413_RGB -46549.138416 -3692039.860097 5208.533097 0.199608 -0.449233 91.166734
3318B_2016_1142_12_0414_RGB -46570.607801 -3690568.002173 5217.225776 0.204569 0.802835 91.072117
3318B_2016_1142_12_0415_RGB -46572.849596 -3689095.548660 5212.810830 -0.124442 -0.047833 91.086437
3318B_2016_1142_12_0416_RGB -46561.289592 -3687623.012988 5218.281636 0.152778 0.614898 91.054126
3318B_2016_1142_12_0417_RGB -46558.953058 -3686150.722727 5213.376982 -0.271210 0.014053 91.098736
3318B_2016_1142_12_0418_RGB -46568.098707 -3684679.258692 5217.140747 0.075858 0.183964 91.182720
3318B_2016_1142_12_0419_RGB -46575.227974 -3683205.853182 5214.475234 -0.102467 0.736826 91.161682
3318B_2016_1142_12_0420_RGB -46584.221525 -3681732.639691 5211.014391 -0.243441 0.088745 91.199063
3318B_2016_1142_12_0421_RGB -46594.492572 -3680258.271520 5207.346112 -0.228030 0.186959 91.141784
3318B_2016_1142_12_0422_RGB -46609.040008 -3678785.001182 5208.640306 0.073322 0.815525 91.099164
3318B_2016_1142_12_0423_RGB -46604.323711 -3677311.829715 5216.444125 0.368277 -0.688291 91.142263
3318B_2016_1142_12_0424_RGB -46612.272228 -3675841.011544 5214.291361 0.042118 -0.499773 91.279710
3318B_2016_1142_12_0425_RGB -46637.278820 -3674370.146185 5210.421558 -0.015775 0.310679 91.135479
3318B_2016_1142_12_0426_RGB -46641.146368 -3672899.262867 5220.033105 0.543443 0.460708 91.228987
3318B_2016_1142_12_0427_RGB -46638.771718 -3671426.236017 5223.496624 0.041817 0.186620 91.172567
3318B_2016_1142_12_0428_RGB -46639.788299 -3669948.236371 5210.932508 -0.365613 -0.002618 91.261126
3318B_2016_1142_12_0429_RGB -46638.855954 -3668479.240529 5211.704528 0.119461 0.081135 91.184575
3318B_2016_1142_12_0430_RGB -46649.233998 -3667002.680423 5211.881825 -0.019410 -0.315195 91.287675
3318B_2016_1142_12_0431_RGB -46663.930574 -3665533.250230 5208.634209 -0.087929 0.370607 91.378399
3318B_2016_1142_12_0432_RGB -46660.127262 -3664056.921358 5209.550724 -0.006864 -0.372517 91.320759
3318B_2016_1142_12_0433_RGB -46680.289282 -3662582.720318 5206.579750 -0.005583 -0.052502 91.296498
3318B_2016_1142_12_0434_RGB -46695.662688 -3661108.812622 5213.085100 0.354053 0.167509 91.325144
3318B_2016_1142_12_0435_RGB -46727.218260 -3659636.890971 5221.484059 0.262293 0.549110 91.278348
3318B_2016_1142_12_0436_RGB -46722.505161 -3658165.562659 5216.177036 -0.375253 1.707167 91.259072
3318B_2016_1142_12_0437_RGB -46697.362908 -3656690.579860 5222.647130 0.264228 -0.191257 91.267766
3318B_2016_1142_12_0438_RGB -46685.378309 -3655218.408146 5222.313681 -0.138890 -1.280974 91.356701
3318B_2016_1142_12_0439_RGB -46707.488604 -3653747.102537 5213.320315 -0.373291 -0.540037 91.458107
3318B_2016_1142_12_0440_RGB -46735.560733 -3652276.462318 5213.752123 0.257910 -0.199555 91.455507
3318B_2016_1142_12_0441_RGB -46752.780640 -3650803.834117 5210.212608 -0.207004 0.113710 91.476554
3318B_2016_1142_12_0442_RGB -46755.813688 -3649333.796691 5207.684385 0.082522 1.097210 91.347610
3318B_2016_1142_13_0443_RGB -11.638789 -3711518.540066 5244.885930 0.484084 0.395340 90.984103
3318B_2016_1142_13_0444_RGB -0.435243 -3709899.568992 5261.624958 1.091353 -0.460051 91.138452
3318B_2016_1142_13_0445_RGB 3.294181 -3708279.962220 5262.093737 0.165427 -0.644911 91.144171
3318B_2016_1142_13_0446_RGB -16.796781 -3706662.338841 5240.975684 -0.530786 0.347850 91.081495
3318B_2016_1142_13_0447_RGB -16.599055 -3705044.592653 5250.600730 0.129397 0.340066 91.033787
3318B_2016_1142_13_0448_RGB -8.189317 -3703429.252341 5249.601124 -0.113708 0.594433 90.866498
3318B_2016_1142_13_0449_RGB 3.785346 -3701814.318480 5253.327467 0.163729 -0.199290 90.859169
3318B_2016_1142_13_0450_RGB -19.967095 -3700191.447082 5257.320391 0.113357 0.043271 90.877549
3318B_2016_1142_13_0451_RGB -17.783009 -3698564.941637 5257.281556 -0.119309 0.555856 90.853488
3318B_2016_1142_13_0452_RGB 1.085959 -3696937.557720 5257.955576 -0.164975 0.916593 90.820407
3318B_2016_1142_13_0453_RGB -2.359082 -3695312.927642 5253.644482 -0.181286 -0.190285 90.913657
3318B_2016_1142_13_0454_RGB -21.285394 -3693684.093120 5250.340919 -0.683825 0.735034 90.979022
3318B_2016_1142_13_0455_RGB -8.571990 -3692056.770021 5251.912054 -0.039104 0.340057 91.020190
3318B_2016_1142_13_0456_RGB -6.130829 -3690430.172054 5261.902673 -0.073997 0.183513 90.925954
3318B_2016_1142_13_0457_RGB 5.802452 -3688802.451573 5247.732343 -0.903368 0.191780 90.782924
3318B_2016_1142_13_0458_RGB 16.240785 -3687178.141574 5238.554424 -0.656855 -0.345541 90.820411
3318B_2016_1142_13_0459_RGB 12.998648 -3685551.419328 5241.865247 -0.113296 -0.207313 90.922688
3318B_2016_1142_13_0460_RGB 6.406106 -3683926.935478 5243.702026 0.094624 -1.032851 90.901994
3318B_2016_1142_13_0461_RGB -18.206386 -3682301.573485 5241.924009 0.063050 -0.336059 90.977111
3318B_2016_1142_13_0462_RGB -32.388097 -3680676.452513 5245.031876 -0.178961 0.634693 90.966589
3318B_2016_1142_13_0463_RGB -40.962534 -3679246.891087 5242.554947 -0.381137 1.506580 90.884442
3318B_2016_1142_13_0464_RGB -19.447452 -3677818.711815 5245.844652 0.194622 -0.229007 90.988674
3318B_2016_1142_13_0465_RGB -20.831859 -3676386.559972 5237.568987 -0.260261 -0.316682 90.869998
3318B_2016_1142_13_0466_RGB -24.097766 -3674960.639893 5229.898822 0.040893 -1.359810 91.066436
3318B_2016_1142_13_0467_RGB -21.616133 -3673526.208348 5234.533842 0.026832 1.618170 90.949869
3318B_2016_1142_13_0468_RGB -0.001558 -3672096.657008 5236.236272 0.127018 -0.668252 91.060709
3318B_2016_1142_13_0469_RGB -11.927442 -3670663.846704 5229.165071 -0.108715 -1.157850 91.045312
3318B_2016_1142_13_0470_RGB -29.697979 -3669233.266037 5225.472736 0.118297 0.006869 91.043702
3318B_2016_1142_13_0471_RGB -42.082467 -3667803.045697 5238.692581 0.467707 0.049056 91.016366
3318B_2016_1142_13_0472_RGB -32.224763 -3666372.247999 5235.573310 -0.454146 1.403235 91.006452
3318B_2016_1142_13_0473_RGB 1.253639 -3664944.152800 5232.262823 -0.080937 0.554478 90.995840
3318B_2016_1142_13_0474_RGB 18.473680 -3663511.995379 5232.456848 -0.034388 -0.498543 90.951008
3318B_2016_1142_13_0475_RGB 25.929451 -3662081.851440 5235.566579 0.167742 -0.325059 91.073153
3318B_2016_1142_13_0476_RGB 22.570665 -3660652.578203 5245.427990 0.396724 -0.906178 91.101606
3318B_2016_1142_13_0477_RGB -12.142341 -3659219.673748 5252.128487 0.233490 -0.119783 91.083408
3318B_2016_1142_13_0478_RGB -24.594906 -3657787.615690 5246.152056 -0.506440 1.388966 90.971462
3318B_2016_1142_13_0479_RGB -23.035504 -3656357.106296 5245.297795 -0.007442 -0.036704 91.242048
3318B_2016_1142_13_0480_RGB -32.415317 -3654925.713185 5251.080863 0.174036 -0.144236 91.198429
3318B_2016_1142_13_0481_RGB -32.045228 -3653493.987722 5251.151833 -0.363540 1.190396 91.038417
3318B_2016_1142_13_0482_RGB -16.110718 -3652065.345102 5248.815052 -0.015861 -0.970680 91.129362
3318B_2016_1142_13_0483_RGB -12.326963 -3650637.495384 5256.720232 0.155902 0.308928 91.118380
3318B_2016_1142_13_0484_RGB -6.151528 -3649209.863394 5258.258243 0.195628 -1.223399 91.088240
