3323d_2015_1001_01_0001_RGBN 43333.970620 -3709166.407240 5672.686250 0.448258 -0.200394 -0.184258
3323d_2015_1001_01_0002_RGBN 44710.649080 -3709211.341900 5672.299410 -0.168341 0.013147 -0.380978
3323d_2015_1001_01_0003_RGBN 46091.888940 -3709233.718060 5676.132710 -1.493311 -0.004520 -0.158283
3323d_2015_1001_01_0004_RGBN 47467.628130 -3709247.961210 5675.705490 0.472836 -0.050542 -0.085018
3323d_2015_1001_01_0005_RGBN 48843.338930 -3709275.380460 5685.365210 -0.587733 -0.361515 0.139593
3323d_2015_1001_01_0006_RGBN 50221.442180 -3709296.708880 5690.049690 -0.024816 -0.117227 0.222969
3323d_2015_1001_01_0007_RGBN 51600.684430 -3709306.875750 5687.498320 -0.669344 0.423399 0.350516
3323d_2015_1001_01_0008_RGBN 52976.314250 -3709290.111220 5691.244420 -0.037726 -0.142483 0.271876
3323d_2015_1001_01_0009_RGBN 54343.203930 -3709280.783430 5693.533500 0.415423 -0.033406 0.430091
3323d_2015_1001_01_0010_RGBN 55706.993940 -3709283.061020 5698.259650 0.471662 -0.171704 0.323680
3323d_2015_1001_01_0011_RGBN 57071.780230 -3709298.195870 5710.595750 0.709241 -0.446469 0.378611
3323d_2015_1001_01_0012_RGBN 58436.018530 -3709314.181200 5716.628900 -0.598218 -0.125319 0.385224
3323d_2015_1001_01_0013_RGBN 59791.409300 -3709310.229390 5710.480280 -0.216818 0.655741 0.279245
3323d_2015_1001_01_0014_RGBN 61147.089710 -3709311.577240 5689.233320 0.961811 0.918716 0.209551
3323d_2015_1001_01_0015_RGBN 62486.570490 -3709329.943350 5673.110390 0.380183 0.747994 0.156089
3323d_2015_1001_01_0016_RGBN 63828.102710 -3709349.730360 5673.765690 -0.107655 0.222858 0.293874
3323d_2015_1001_01_0017_RGBN 65165.927320 -3709358.202470 5669.577430 -0.837198 0.369046 0.286539
3323d_2015_1001_01_0018_RGBN 66498.728700 -3709354.635590 5665.395710 0.465778 0.219350 0.190572
3323d_2015_1001_01_0019_RGBN 67810.454540 -3709367.046720 5663.602860 1.196574 -0.217434 0.197580
3323d_2015_1001_01_0020_RGBN 69119.558650 -3709392.649290 5667.224590 -0.569356 -0.124561 0.226906
3323d_2015_1001_01_0021_RGBN 70429.636050 -3709396.392850 5661.502720 -0.710695 0.343160 0.214973
3323d_2015_1001_01_0022_RGBN 71715.491570 -3709388.506600 5664.196170 0.281757 -0.177411 0.107553
3323d_2015_1001_01_0023_RGBN 73001.699620 -3709385.985330 5670.758840 0.499665 -0.380158 0.147140
3323d_2015_1001_01_0024_RGBN 74288.543890 -3709391.871320 5666.513140 0.318453 0.052587 0.131231
3323d_2015_1001_01_0025_RGBN 75576.049970 -3709410.154620 5664.216570 0.799998 -0.025124 0.100650
3323d_2015_1001_01_0026_RGBN 76861.919770 -3709428.165160 5663.160210 -0.157600 0.035600 0.095176
3323d_2015_1001_01_0027_RGBN 78149.698340 -3709438.853840 5663.420690 -0.206057 -0.005467 0.055843
3323d_2015_1001_01_0028_RGBN 79437.320590 -3709448.384410 5663.261770 0.047815 0.023605 0.135169
3323d_2015_1001_01_0029_RGBN 80722.457200 -3709458.061840 5655.184690 0.120676 0.280432 0.157270
3323d_2015_1001_01_0030_RGBN 82007.954050 -3709473.439200 5650.130540 0.051878 0.163391 0.116439
3323d_2015_1001_01_0031_RGBN 83280.833990 -3709481.758400 5653.913310 -0.248065 -0.023423 0.095845
3323d_2015_1001_01_0032_RGBN 84553.026270 -3709479.206720 5656.639430 0.055065 0.068433 0.058790
3323d_2015_1001_01_0033_RGBN 85807.817620 -3709492.895410 5654.768550 1.047603 0.075066 -0.077325
3323d_2015_1001_01_0034_RGBN 87061.441490 -3709507.748450 5656.081550 -0.538402 -0.006451 -0.006722
3323d_2015_1001_01_0035_RGBN 88314.235130 -3709508.506360 5656.877870 -0.298484 -0.014713 -0.052094
3323d_2015_1001_01_0036_RGBN 89567.361560 -3709515.558570 5652.589680 1.079694 0.097158 -0.083582
3323d_2015_1001_01_0037_RGBN 90820.993550 -3709534.246990 5650.055500 0.254383 0.161618 -0.130771
3323d_2015_1001_01_0038_RGBN 92073.953790 -3709556.053390 5649.319950 0.269487 0.091681 -0.178344
3323d_2015_1001_01_0039_RGBN 93330.840370 -3709578.097610 5648.892440 -0.517837 0.107875 0.028214
3323d_2015_1001_01_0040_RGBN 94580.789300 -3709591.501280 5648.384010 0.131834 0.063076 0.040390
3323d_2015_1001_01_0041_RGBN 95836.846090 -3709601.281490 5650.316310 -0.531679 0.043423 0.077944
3323d_2015_1001_02_0042_RGBN 43220.606010 -3714095.075780 5653.790260 -0.529358 0.169630 0.436571
3323d_2015_1001_02_0043_RGBN 44547.136510 -3714087.280610 5654.700150 0.873629 -0.084819 0.335037
3323d_2015_1001_02_0044_RGBN 45819.765960 -3714082.003530 5666.443550 1.002345 -0.236410 0.252148
3323d_2015_1001_02_0045_RGBN 47089.538000 -3714099.805980 5663.288300 0.841408 0.255989 0.243130
3323d_2015_1001_02_0046_RGBN 48317.607090 -3714101.743770 5665.030260 -0.532531 0.148311 0.295071
3323d_2015_1001_02_0047_RGBN 49547.276060 -3714099.111690 5664.758450 0.580639 0.169782 0.165626
3323d_2015_1001_02_0048_RGBN 50776.908350 -3714114.626770 5663.791890 1.095838 0.001473 0.162884
3323d_2015_1001_02_0049_RGBN 52005.598000 -3714149.251510 5665.741380 1.053636 0.031445 0.121788
3323d_2015_1001_02_0050_RGBN 53236.630270 -3714198.128450 5663.409550 0.397384 0.154988 0.169958
3323d_2015_1001_02_0051_RGBN 54462.176200 -3714227.472780 5665.753500 -1.751470 0.270611 0.202058
3323d_2015_1001_02_0052_RGBN 55691.202110 -3714218.312430 5663.365390 -1.501731 0.359505 0.255220
3323d_2015_1001_02_0053_RGBN 56923.990880 -3714185.760850 5664.969470 -1.167417 0.062537 0.231716
3323d_2015_1001_02_0054_RGBN 58152.825760 -3714154.304910 5660.164310 1.409773 0.207111 0.168122
3323d_2015_1001_02_0055_RGBN 59380.065520 -3714152.617530 5659.809500 1.558509 -0.119029 0.090375
3323d_2015_1001_02_0056_RGBN 60606.311580 -3714165.670570 5660.482220 0.928529 -0.077857 0.062894
3323d_2015_1001_02_0057_RGBN 61836.604040 -3714186.316610 5659.390890 0.367287 0.034957 0.194706
3323d_2015_1001_02_0058_RGBN 63068.267210 -3714205.841020 5661.044770 0.385505 -0.075505 -0.059010
3323d_2015_1001_02_0059_RGBN 64295.579100 -3714222.873610 5664.447870 0.063885 -0.177784 -0.017580
3323d_2015_1001_02_0060_RGBN 65520.019690 -3714254.408590 5664.236350 0.052606 -0.102160 0.080404
3323d_2015_1001_02_0061_RGBN 66745.688950 -3714289.433010 5672.718310 -0.158767 -0.319816 0.066742
3323d_2015_1001_02_0062_RGBN 67975.169710 -3714306.517380 5677.042870 -0.839104 0.113137 0.133935
3323d_2015_1001_02_0063_RGBN 69203.935270 -3714318.140970 5666.040600 0.118253 0.532704 0.007627
3323d_2015_1001_02_0064_RGBN 70432.427350 -3714324.045570 5667.218700 -0.410550 0.212947 0.213427
3323d_2015_1001_02_0065_RGBN 71664.337240 -3714330.592680 5673.550540 0.048074 -0.211730 0.125765
3323d_2015_1001_02_0066_RGBN 72894.422580 -3714333.864520 5677.837570 0.073374 -0.157397 0.067844
3323d_2015_1001_02_0067_RGBN 74124.699230 -3714338.457940 5678.070860 0.320039 0.033460 -0.027683
3323d_2015_1001_02_0068_RGBN 75353.888290 -3714347.241390 5682.283020 0.403376 -0.120891 -0.014871
3323d_2015_1001_02_0069_RGBN 76582.361230 -3714359.428070 5681.806190 0.201002 0.024424 -0.013103
3323d_2015_1001_02_0070_RGBN 77809.954040 -3714367.433470 5679.593440 -0.198649 0.191798 0.055183
3323d_2015_1001_02_0071_RGBN 79037.823220 -3714374.061590 5680.081950 0.169857 0.002919 -0.006872
3323d_2015_1001_02_0072_RGBN 80266.251670 -3714378.897230 5682.577380 0.089627 -0.060955 -0.043438
3323d_2015_1001_02_0073_RGBN 81495.012390 -3714383.901590 5683.250890 0.582707 0.008338 -0.042359
3323d_2015_1001_02_0074_RGBN 82886.892750 -3714400.118720 5680.743640 0.209672 0.189287 -0.134331
3323d_2015_1001_02_0075_RGBN 84277.750950 -3714417.628720 5680.293240 0.262664 0.101029 -0.041305
3323d_2015_1001_02_0076_RGBN 85670.254680 -3714433.372340 5681.681250 -0.449578 0.180617 -0.073244
3323d_2015_1001_02_0077_RGBN 87060.977720 -3714440.752510 5681.819820 0.116680 0.154736 -0.176579
3323d_2015_1001_02_0078_RGBN 88454.178880 -3714455.034820 5682.986550 0.353395 -0.050132 -0.123296
3323d_2015_1001_02_0079_RGBN 89848.594930 -3714470.588300 5686.282450 -0.638704 -0.007742 -0.147532
3323d_2015_1001_02_0080_RGBN 91241.563980 -3714476.493500 5678.091330 -0.092361 0.299153 -0.141401
3323d_2015_1001_02_0081_RGBN 92602.313040 -3714480.713030 5679.588250 0.109516 0.015276 -0.155489
3323d_2015_1001_02_0082_RGBN 93963.164730 -3714486.195610 5678.394640 0.502081 0.122381 -0.336406
3323d_2015_1001_02_0083_RGBN 95321.735320 -3714503.887750 5669.051240 0.539137 0.366624 -0.450649
3323d_2015_1001_02_0084_RGBN 96676.291990 -3714524.798600 5668.682920 0.079403 0.073391 -0.214877
3323d_2015_1001_03_0085_RGBN 95490.111150 -3719138.610080 5718.834730 1.051271 0.070006 179.881937
3323d_2015_1001_03_0086_RGBN 94167.536740 -3719141.418760 5712.888370 0.603290 -0.291028 -179.993152
3323d_2015_1001_03_0087_RGBN 92798.395790 -3719156.595000 5701.935080 -0.420408 -0.549426 179.775083
3323d_2015_1001_03_0088_RGBN 91426.237080 -3719158.852050 5690.701030 -0.277664 -0.345919 179.773003
3323d_2015_1001_03_0089_RGBN 90045.435180 -3719144.558800 5678.491320 -0.547707 -0.313552 179.789279
3323d_2015_1001_03_0090_RGBN 88856.903200 -3719134.336930 5674.716330 0.236017 -0.108888 179.788753
3323d_2015_1001_03_0091_RGBN 87669.678460 -3719127.161200 5675.047070 -0.590601 0.074213 179.700462
3323d_2015_1001_03_0092_RGBN 86483.455010 -3719105.667960 5679.239400 0.488524 0.518487 179.733490
3323d_2015_1001_03_0093_RGBN 85298.044160 -3719094.738980 5679.078680 -0.078197 0.156332 179.666683
3323d_2015_1001_03_0094_RGBN 84109.139390 -3719085.637630 5675.967600 0.159754 0.071065 179.813916
3323d_2015_1001_03_0095_RGBN 82923.320710 -3719080.244880 5671.707470 0.231320 -0.085391 179.719623
3323d_2015_1001_03_0096_RGBN 81737.538610 -3719077.033420 5667.693740 0.084347 -0.127144 179.723066
3323d_2015_1001_03_0097_RGBN 80552.183850 -3719070.784560 5663.641440 -0.202119 -0.205379 179.710372
3323d_2015_1001_03_0098_RGBN 79363.269220 -3719062.395000 5658.403670 -0.361453 -0.207227 179.720438
3323d_2015_1001_03_0099_RGBN 78177.826470 -3719044.042530 5654.068100 -0.449112 -0.218094 179.815914
3323d_2015_1001_03_0100_RGBN 76992.549320 -3719026.845090 5651.005070 0.432133 -0.032837 179.833260
3323d_2015_1001_03_0101_RGBN 75808.540920 -3719026.490510 5650.960300 -0.120842 0.013175 179.795674
3323d_2015_1001_03_0102_RGBN 74623.206650 -3719026.759130 5652.200040 0.705180 0.086464 179.875261
3323d_2015_1001_03_0103_RGBN 73437.381560 -3719030.395420 5650.938180 -1.065285 -0.150129 179.801467
3323d_2015_1001_03_0104_RGBN 72250.664150 -3719021.123870 5651.130930 0.000394 0.036834 179.892578
3323d_2015_1001_03_0105_RGBN 71064.536760 -3719016.216630 5649.310310 -0.237394 -0.174160 179.921816
3323d_2015_1001_03_0106_RGBN 69877.843260 -3718996.137750 5646.431810 -0.943484 -0.193628 179.813435
3323d_2015_1001_03_0107_RGBN 68690.422330 -3718972.074470 5644.023010 0.099425 -0.060844 179.877464
3323d_2015_1001_03_0108_RGBN 67500.741430 -3718953.659490 5641.542140 0.278066 0.133562 179.858426
3323d_2015_1001_03_0109_RGBN 66311.863750 -3718943.292470 5640.143350 -0.049906 0.121635 179.878408
3323d_2015_1001_03_0110_RGBN 65123.434980 -3718927.367250 5637.890390 0.548083 0.097078 179.946337
3323d_2015_1001_03_0111_RGBN 63935.759720 -3718924.494480 5639.077650 -0.102731 0.106743 179.893951
3323d_2015_1001_03_0112_RGBN 62748.048150 -3718923.258570 5644.912400 0.774963 0.313920 179.936920
3323d_2015_1001_03_0113_RGBN 61560.497320 -3718931.525550 5642.672920 -0.070542 -0.188994 179.954010
3323d_2015_1001_03_0114_RGBN 60373.937460 -3718936.385490 5639.783480 -0.636552 -0.260462 179.935232
3323d_2015_1001_03_0115_RGBN 59158.797750 -3718928.083860 5642.166780 -0.753433 -0.000823 179.959995
3323d_2015_1001_03_0116_RGBN 57941.540320 -3718909.515340 5643.718080 -0.280885 0.028797 179.916103
3323d_2015_1001_03_0117_RGBN 56726.522350 -3718894.721420 5641.168960 -0.086137 -0.196801 179.906063
3323d_2015_1001_03_0118_RGBN 55509.342440 -3718871.999430 5637.244450 -0.904475 -0.187276 179.846512
3323d_2015_1001_03_0119_RGBN 54292.985610 -3718856.296720 5636.219790 0.508223 0.046067 179.943394
3323d_2015_1001_03_0120_RGBN 53077.260440 -3718856.906020 5633.109530 0.993644 0.037767 179.978681
3323d_2015_1001_03_0121_RGBN 51859.802110 -3718859.204550 5632.517650 -0.007786 0.051401 -179.975708
3323d_2015_1001_03_0122_RGBN 50642.509270 -3718860.891970 5635.655220 -0.098623 0.025275 179.890515
3323d_2015_1001_03_0123_RGBN 49426.520750 -3718861.391880 5635.579480 -0.168889 -0.065533 179.952321
3323d_2015_1001_03_0124_RGBN 48206.430980 -3718857.352130 5632.897540 0.224409 -0.031152 179.970935
3323d_2015_1001_03_0125_RGBN 46978.712700 -3718877.233330 5635.762220 0.714212 0.240126 -179.979076
3323d_2015_1001_03_0126_RGBN 45751.992520 -3718886.315300 5641.852590 -0.970548 0.074923 179.972704
3323d_2015_1001_03_0127_RGBN 44519.316680 -3718877.667610 5639.153800 -0.619385 -0.244738 179.893292
3323d_2015_1001_03_0128_RGBN 43272.375330 -3718858.088420 5630.950270 -0.615755 -0.293070 179.925517
3323d_2015_1001_04_0129_RGBN 43254.551650 -3723271.778880 5715.915350 2.488261 -0.095098 0.133335
3323d_2015_1001_04_0130_RGBN 44527.202860 -3723292.538280 5723.697640 -0.108720 -0.309459 0.089815
3323d_2015_1001_04_0131_RGBN 45802.437090 -3723294.424550 5734.421100 -0.081067 -0.359094 0.093668
3323d_2015_1001_04_0132_RGBN 47047.035720 -3723294.340810 5734.455550 0.056140 0.031827 0.209792
3323d_2015_1001_04_0133_RGBN 48288.169940 -3723296.355880 5724.482190 0.036739 0.277245 0.216603
3323d_2015_1001_04_0134_RGBN 49506.105890 -3723295.560020 5724.016330 0.475746 0.006678 0.103085
3323d_2015_1001_04_0135_RGBN 50724.021520 -3723305.872370 5723.352450 -0.157242 0.057359 0.162133
3323d_2015_1001_04_0136_RGBN 51941.965910 -3723314.916930 5727.586650 0.450158 -0.254097 0.099668
3323d_2015_1001_04_0137_RGBN 53161.115600 -3723327.763650 5737.704810 0.061694 -0.239671 0.089546
3323d_2015_1001_04_0138_RGBN 54378.665000 -3723340.535870 5738.170930 0.430971 -0.036858 0.035384
3323d_2015_1001_04_0139_RGBN 55596.193490 -3723361.858340 5736.688170 0.623308 0.020950 0.028279
3323d_2015_1001_04_0140_RGBN 56814.626140 -3723385.276020 5744.695800 -0.242802 -0.304109 0.121304
3323d_2015_1001_04_0141_RGBN 58031.569570 -3723401.424410 5746.991480 0.338749 0.026574 -0.021738
3323d_2015_1001_04_0142_RGBN 59246.764060 -3723424.931340 5742.620580 -0.157878 0.270717 -0.006384
3323d_2015_1001_04_0143_RGBN 60463.312130 -3723442.445770 5739.943300 0.349604 0.200552 -0.036676
3323d_2015_1001_04_0144_RGBN 61680.556820 -3723458.612610 5739.609200 -0.631959 0.161183 -0.001163
3323d_2015_1001_04_0145_RGBN 62898.671390 -3723457.925190 5734.924640 -0.652619 0.370297 0.017710
3323d_2015_1001_04_0146_RGBN 64113.803030 -3723453.837620 5731.134890 0.454666 0.226149 -0.043309
3323d_2015_1001_04_0147_RGBN 65330.222900 -3723455.722490 5733.585280 0.260199 -0.020052 0.004363
3323d_2015_1001_04_0148_RGBN 66546.712190 -3723460.336490 5736.897850 0.051197 0.008250 0.008554
3323d_2015_1001_04_0149_RGBN 67761.697060 -3723463.904220 5738.790360 0.077439 0.013796 -0.023867
3323d_2015_1001_04_0150_RGBN 68976.762020 -3723474.828460 5739.589620 0.715857 0.002474 -0.175115
3323d_2015_1001_04_0151_RGBN 70190.528390 -3723495.393240 5742.870220 0.732022 -0.171589 -0.282179
3323d_2015_1001_04_0152_RGBN 71405.332500 -3723520.169690 5745.233940 0.163753 -0.060474 -0.262164
3323d_2015_1001_04_0153_RGBN 72622.962740 -3723533.738380 5741.292040 -0.652834 0.173415 -0.266236
3323d_2015_1001_04_0154_RGBN 73837.493350 -3723531.948660 5737.919470 -0.525493 0.280975 -0.130082
3323d_2015_1001_04_0155_RGBN 75052.732800 -3723524.501900 5737.268620 -0.020830 0.109455 -0.358202
3323d_2015_1001_04_0156_RGBN 76268.188840 -3723522.917680 5740.321870 0.640697 -0.077765 -0.332934
3323d_2015_1001_04_0157_RGBN 77471.744940 -3723534.047340 5741.278870 0.924432 -0.013610 -0.408588
3323d_2015_1001_04_0158_RGBN 78675.197440 -3723556.315590 5739.594430 0.352607 0.065740 -0.374818
3323d_2015_1001_04_0159_RGBN 79877.100130 -3723575.386610 5740.505050 -0.135229 0.042391 -0.367442
3323d_2015_1001_04_0160_RGBN 81081.399640 -3723582.528510 5742.110220 -0.158236 0.037528 -0.496684
3323d_2015_1001_04_0161_RGBN 82263.038490 -3723589.738700 5745.029770 0.115844 -0.087538 -0.480795
3323d_2015_1001_04_0162_RGBN 83446.279320 -3723602.986270 5748.347840 0.825298 -0.103845 -0.432490
3323d_2015_1001_04_0163_RGBN 84628.932460 -3723627.653220 5750.357410 -0.023432 -0.050840 -0.397624
3323d_2015_1001_04_0164_RGBN 85810.749060 -3723645.585810 5745.842450 -0.508174 0.234557 -0.419276
3323d_2015_1001_04_0165_RGBN 86994.099820 -3723644.663260 5741.117620 -0.865963 0.262784 -0.413379
3323d_2015_1001_04_0166_RGBN 88175.837080 -3723630.247770 5739.902980 -0.048267 0.169799 -0.487696
3323d_2015_1001_04_0167_RGBN 89356.986390 -3723621.369340 5739.673290 0.294421 0.079599 -0.485530
3323d_2015_1001_04_0168_RGBN 90534.801920 -3723621.020810 5740.813920 0.918651 0.004113 -0.486359
3323d_2015_1001_04_0169_RGBN 91715.783280 -3723639.685130 5741.075800 0.681954 -0.004155 -0.444995
3323d_2015_1001_04_0170_RGBN 92896.661460 -3723663.147310 5740.787620 0.516352 0.069794 -0.500604
3323d_2015_1001_04_0171_RGBN 94079.857550 -3723690.218440 5735.706010 0.034120 0.249357 -0.528652
3323d_2015_1001_04_0172_RGBN 95259.989960 -3723708.902350 5734.293560 0.011734 -0.025260 -0.601435
3323d_2015_1001_05_0173_RGBN 95997.747660 -3728448.821170 5687.960600 -1.995839 -0.870691 179.750389
3323d_2015_1001_05_0174_RGBN 94838.011950 -3728449.102870 5686.401220 -0.333151 -0.167226 179.780503
3323d_2015_1001_05_0175_RGBN 93677.865750 -3728453.809090 5679.124090 0.149463 -0.250640 179.880421
3323d_2015_1001_05_0176_RGBN 92519.732220 -3728449.714900 5674.579370 0.090318 -0.061441 179.964031
3323d_2015_1001_05_0177_RGBN 91361.981770 -3728450.426230 5660.431560 -0.461857 -0.362809 179.890027
3323d_2015_1001_05_0178_RGBN 90169.720650 -3728428.855920 5654.654640 -0.639278 -0.010809 179.831819
3323d_2015_1001_05_0179_RGBN 88977.889730 -3728410.041330 5655.605700 0.245299 0.178335 179.856044
3323d_2015_1001_05_0180_RGBN 87786.222440 -3728396.795700 5647.778600 0.315617 -0.140134 -179.974313
3323d_2015_1001_05_0181_RGBN 86593.529900 -3728388.677840 5641.392800 -0.171197 -0.176238 179.978586
3323d_2015_1001_05_0182_RGBN 85401.036710 -3728377.523190 5639.980980 0.393058 0.154255 -179.969922
3323d_2015_1001_05_0183_RGBN 84207.642600 -3728379.231280 5624.182490 0.582530 -0.561382 -179.941938
3323d_2015_1001_05_0184_RGBN 83014.925410 -3728379.557290 5603.603920 -1.092966 -0.699112 179.970327
3323d_2015_1001_05_0185_RGBN 81823.113170 -3728357.286940 5592.268650 -0.096263 -0.121375 -179.900336
3323d_2015_1001_05_0186_RGBN 80629.514220 -3728357.398310 5592.666930 0.918384 0.374608 -179.814068
3323d_2015_1001_05_0187_RGBN 79406.511140 -3728358.758570 5591.779130 -0.008542 0.303366 -179.951229
3323d_2015_1001_05_0188_RGBN 78184.808850 -3728377.008950 5589.482000 1.110091 0.271734 -179.852489
3323d_2015_1001_05_0189_RGBN 76958.100240 -3728401.514760 5581.132740 -1.695689 -0.100463 -179.946100
3323d_2015_1001_05_0190_RGBN 75731.296550 -3728391.058400 5579.956730 -0.851713 0.215452 -179.965331
3323d_2015_1001_05_0191_RGBN 74505.787340 -3728363.846310 5584.455400 -0.619592 0.341936 179.964245
3323d_2015_1001_05_0192_RGBN 73279.395590 -3728342.452530 5582.889860 0.315406 0.084222 -179.927963
3323d_2015_1001_05_0193_RGBN 72053.373590 -3728329.843750 5582.689070 0.023110 0.141052 -179.907730
3323d_2015_1001_05_0194_RGBN 70828.774490 -3728312.968910 5585.080890 -0.148784 0.197497 -179.990129
3323d_2015_1001_05_0195_RGBN 69604.072330 -3728299.679050 5584.258940 0.211291 0.105494 -179.940341
3323d_2015_1001_05_0196_RGBN 68378.096000 -3728292.350440 5585.798590 0.176567 0.195835 -179.798166
3323d_2015_1001_05_0197_RGBN 67153.617010 -3728272.001680 5592.847470 -0.684789 0.207666 -179.933996
3323d_2015_1001_05_0198_RGBN 65926.543280 -3728253.681110 5591.872970 0.297663 -0.052491 -179.873797
3323d_2015_1001_05_0199_RGBN 64700.253860 -3728245.481020 5590.467470 0.135602 -0.001078 -179.672465
3323d_2015_1001_05_0200_RGBN 63473.944310 -3728237.782520 5592.232250 -0.646866 -0.091073 -179.827868
3323d_2015_1001_05_0201_RGBN 62246.318340 -3728218.994550 5592.190560 -0.242086 -0.066458 -179.876478
3323d_2015_1001_05_0202_RGBN 61020.605000 -3728203.484170 5590.324130 0.155395 -0.070637 -179.787983
3323d_2015_1001_05_0203_RGBN 59793.190880 -3728189.645940 5590.150750 0.138218 0.004341 -179.738665
3323d_2015_1001_05_0204_RGBN 58568.073210 -3728181.238830 5592.597360 0.495066 0.025927 -179.779050
3323d_2015_1001_05_0205_RGBN 57339.114080 -3728187.820320 5594.717930 0.500309 0.050401 -179.734004
3323d_2015_1001_05_0206_RGBN 56113.579100 -3728185.970740 5595.151510 -0.854837 -0.144776 -179.806702
3323d_2015_1001_05_0207_RGBN 54886.506750 -3728177.169390 5593.418190 0.220314 -0.020851 -179.748565
3323d_2015_1001_05_0208_RGBN 53662.641680 -3728179.585020 5594.597110 0.089730 0.129822 -179.790215
3323d_2015_1001_05_0209_RGBN 52433.985260 -3728181.681680 5597.616220 -0.483314 0.074747 -179.797414
3323d_2015_1001_05_0210_RGBN 51164.624320 -3728179.638960 5598.592460 -0.601821 0.046344 -179.936360
3323d_2015_1001_05_0211_RGBN 49892.686850 -3728167.579000 5601.498100 -0.259232 0.085570 -179.973641
3323d_2015_1001_05_0212_RGBN 48595.518870 -3728157.986850 5601.843540 0.622900 0.028802 -179.847882
3323d_2015_1001_05_0213_RGBN 47299.454830 -3728153.219780 5598.925310 -0.266031 -0.190101 -179.962365
3323d_2015_1001_05_0214_RGBN 45944.524600 -3728149.130210 5602.409750 0.425070 0.149793 -179.855273
3323d_2015_1001_05_0215_RGBN 44586.036650 -3728157.654630 5602.263560 -0.181192 -0.089982 -179.910470
3323d_2015_1001_05_0216_RGBN 43227.641850 -3728156.858490 5598.851800 -0.180398 -0.286207 -179.831966
3323d_2015_1001_06_0217_RGBN 43203.812390 -3732910.613280 5553.845070 -0.045521 0.230014 0.143969
3323d_2015_1001_06_0218_RGBN 44570.931800 -3732910.136060 5554.619690 1.818904 0.095183 0.114147
3323d_2015_1001_06_0219_RGBN 45940.892550 -3732938.142280 5543.554080 -0.229042 0.695163 0.138146
3323d_2015_1001_06_0220_RGBN 47309.205090 -3732952.577040 5533.398620 -0.515171 0.610397 0.143196
3323d_2015_1001_06_0221_RGBN 48655.947850 -3732955.404470 5528.638000 -0.177412 0.293652 0.071167
3323d_2015_1001_06_0222_RGBN 49979.068900 -3732959.556540 5527.776180 -0.290641 0.050680 0.176406
3323d_2015_1001_06_0223_RGBN 51300.450290 -3732959.738960 5533.482820 0.218901 -0.402060 0.059923
3323d_2015_1001_06_0224_RGBN 52623.207740 -3732961.462400 5531.613880 -0.302801 -0.003040 0.224987
3323d_2015_1001_06_0225_RGBN 53946.526690 -3732962.351710 5523.570840 0.076458 0.225897 0.202522
3323d_2015_1001_06_0226_RGBN 55267.072650 -3732944.032140 5513.219210 -1.310770 0.391985 0.192655
3323d_2015_1001_06_0227_RGBN 56587.422140 -3732906.101400 5513.468050 -0.432816 -0.183352 0.232173
3323d_2015_1001_06_0228_RGBN 57909.425850 -3732887.987880 5522.097960 2.721552 -0.653882 0.068109
3323d_2015_1001_06_0229_RGBN 59230.187960 -3732913.600470 5517.472390 0.846122 0.051904 0.121567
3323d_2015_1001_06_0230_RGBN 60551.105210 -3732938.877750 5499.861300 0.213651 0.532533 0.018425
3323d_2015_1001_06_0231_RGBN 61872.239840 -3732964.580760 5495.178200 -0.075272 0.190893 0.056312
3323d_2015_1001_06_0232_RGBN 63194.236270 -3732982.460830 5481.444360 -0.202566 0.457044 0.055535
3323d_2015_1001_06_0233_RGBN 64516.348660 -3733001.909880 5481.770080 0.006957 -0.187368 -0.189713
3323d_2015_1001_06_0234_RGBN 65838.410530 -3733023.846140 5486.013850 -0.051191 -0.499696 -0.010322
3323d_2015_1001_06_0235_RGBN 67159.390940 -3733042.480550 5492.180540 0.212987 -0.468967 -0.069920
3323d_2015_1001_06_0236_RGBN 68480.957050 -3733059.992870 5493.410360 0.067650 -0.218785 -0.146359
3323d_2015_1001_06_0237_RGBN 69801.604260 -3733079.051980 5495.206490 0.104127 -0.315095 -0.141409
3323d_2015_1001_06_0238_RGBN 71125.271950 -3733097.113430 5492.355020 0.374052 -0.027533 -0.079321
3323d_2015_1001_06_0239_RGBN 72447.373020 -3733124.224450 5485.831240 -0.522038 0.298879 -0.023936
3323d_2015_1001_06_0240_RGBN 73764.749800 -3733134.349270 5483.214320 -0.391012 0.173586 -0.000292
3323d_2015_1001_06_0241_RGBN 75088.933730 -3733125.146970 5488.156570 -0.877629 -0.108394 0.077564
3323d_2015_1001_06_0242_RGBN 76408.272820 -3733115.907630 5496.915460 0.198435 -0.374231 0.031191
3323d_2015_1001_06_0243_RGBN 77731.224680 -3733122.501440 5502.542180 1.256970 -0.384386 -0.098789
3323d_2015_1001_06_0244_RGBN 79054.746300 -3733153.441280 5513.730040 0.472467 -0.452322 -0.058516
3323d_2015_1001_06_0245_RGBN 80376.651240 -3733181.809010 5523.090490 -0.203108 -0.166550 -0.009634
3323d_2015_1001_06_0246_RGBN 81658.624420 -3733205.149410 5526.532950 0.114980 0.020782 -0.040114
3323d_2015_1001_06_0247_RGBN 82943.173280 -3733220.967400 5521.973340 -0.822936 0.580545 -0.034857
3323d_2015_1001_06_0248_RGBN 84224.874420 -3733222.832360 5517.130150 -1.079745 0.449135 -0.051476
3323d_2015_1001_06_0249_RGBN 85506.038080 -3733201.901170 5520.957310 -0.117003 0.193758 -0.063078
3323d_2015_1001_06_0250_RGBN 86789.021330 -3733197.827040 5522.901350 1.843228 -0.025110 -0.191060
3323d_2015_1001_06_0251_RGBN 88071.123010 -3733218.424020 5520.767040 0.788417 0.092127 -0.143436
3323d_2015_1001_06_0252_RGBN 89353.203760 -3733246.323930 5517.630420 -0.026573 0.328787 -0.119505
3323d_2015_1001_06_0253_RGBN 90634.179990 -3733269.706840 5514.286860 0.041879 0.160855 -0.312825
3323d_2015_1001_06_0254_RGBN 91915.068190 -3733285.446070 5518.281410 -0.945529 -0.010748 -0.211499
3323d_2015_1001_06_0255_RGBN 93194.790510 -3733285.610400 5524.411240 0.261298 -0.136675 -0.249799
3323d_2015_1001_06_0256_RGBN 94464.368350 -3733300.789020 5526.423760 0.765525 -0.007467 -0.233942
3323d_2015_1001_06_0257_RGBN 95695.097750 -3733320.885630 5526.691470 -0.460438 0.143735 -0.145183
3323d_2015_1001_07_0258_RGBN 95907.331100 -3738339.619030 5465.475020 -0.761345 -0.601959 -179.994682
3323d_2015_1001_07_0259_RGBN 94530.873340 -3738348.984050 5456.302860 1.722572 -0.174907 -179.964707
3323d_2015_1001_07_0260_RGBN 93153.967400 -3738362.213140 5449.802840 -1.717492 -0.588791 179.917088
3323d_2015_1001_07_0261_RGBN 91778.172120 -3738330.820140 5441.566130 0.211581 -0.011589 -179.983988
3323d_2015_1001_07_0262_RGBN 90400.116570 -3738308.761790 5442.670010 -0.060877 0.136656 179.964135
3323d_2015_1001_07_0263_RGBN 89021.100840 -3738291.465610 5431.352150 0.415617 -0.128315 179.979360
3323d_2015_1001_07_0264_RGBN 87643.143160 -3738283.558630 5425.770220 -0.411788 -0.040760 179.876145
3323d_2015_1001_07_0265_RGBN 86265.616920 -3738253.057050 5423.255150 -0.292906 0.048042 179.969801
3323d_2015_1001_07_0266_RGBN 84889.434670 -3738230.794970 5428.696570 0.524112 0.408016 -179.939129
3323d_2015_1001_07_0267_RGBN 83510.582200 -3738233.206180 5431.125400 0.851251 0.260993 -179.839208
3323d_2015_1001_07_0268_RGBN 82133.385000 -3738228.003110 5430.293010 0.113420 0.188896 -179.916085
3323d_2015_1001_07_0269_RGBN 80754.105780 -3738223.890740 5432.384690 -0.536526 0.230389 -179.933526
3323d_2015_1001_07_0270_RGBN 79317.052330 -3738214.833500 5439.779120 0.338784 0.324030 -179.832817
3323d_2015_1001_07_0271_RGBN 77885.316220 -3738216.323590 5436.354500 0.192727 -0.163834 -179.844340
3323d_2015_1001_07_0272_RGBN 76448.215990 -3738204.816250 5438.735600 -0.417355 0.000080 -179.819063
3323d_2015_1001_07_0273_RGBN 75215.732520 -3738196.236890 5446.156150 0.410796 0.258979 -179.809424
3323d_2015_1001_07_0274_RGBN 73985.624570 -3738187.560450 5450.700990 -0.922239 0.036120 -179.781387
3323d_2015_1001_07_0275_RGBN 72753.333840 -3738166.963090 5448.861910 -0.146751 -0.124777 -179.779020
3323d_2015_1001_07_0276_RGBN 71522.305250 -3738153.682110 5438.002320 0.341661 -0.396827 -179.831726
3323d_2015_1001_07_0277_RGBN 70290.267920 -3738157.230980 5431.211450 0.932576 -0.192895 -179.812642
3323d_2015_1001_07_0278_RGBN 69059.797420 -3738156.171920 5436.341730 -1.063915 -0.011912 -179.818073
3323d_2015_1001_07_0279_RGBN 67829.174310 -3738144.602670 5440.896090 -0.391583 -0.072216 -179.751369
3323d_2015_1001_07_0280_RGBN 66598.839810 -3738122.458060 5437.704760 -0.367942 -0.163135 -179.809000
3323d_2015_1001_07_0281_RGBN 65363.510380 -3738106.282080 5434.410470 -0.134124 -0.037846 -179.793856
3323d_2015_1001_07_0282_RGBN 64131.518750 -3738091.981050 5437.538220 0.370969 0.135891 -179.767949
3323d_2015_1001_07_0283_RGBN 62898.453630 -3738099.734400 5433.358210 -0.195198 -0.214990 -179.849789
3323d_2015_1001_07_0284_RGBN 61664.919840 -3738085.819950 5435.862020 -1.037802 -0.011409 -179.782140
3323d_2015_1001_07_0285_RGBN 60432.761430 -3738057.594100 5437.443740 0.086767 0.215748 -179.767092
3323d_2015_1001_07_0286_RGBN 59200.532660 -3738042.646670 5438.312360 0.912243 0.167843 -179.664587
3323d_2015_1001_07_0287_RGBN 57969.259480 -3738046.971340 5432.922830 0.153713 -0.323860 -179.595084
3323d_2015_1001_07_0288_RGBN 56737.446360 -3738049.776170 5430.541170 -0.169086 -0.189698 -179.756684
3323d_2015_1001_07_0289_RGBN 55508.138670 -3738056.428290 5433.399800 0.728804 0.147899 -179.625228
3323d_2015_1001_07_0290_RGBN 54275.210940 -3738075.024720 5430.340350 -0.761683 -0.243460 -179.748871
3323d_2015_1001_07_0291_RGBN 53043.962770 -3738063.804980 5419.528900 -1.303176 -0.472831 -179.825846
3323d_2015_1001_07_0292_RGBN 51810.163190 -3738034.012740 5421.392420 -0.604196 0.058595 -179.820721
3323d_2015_1001_07_0293_RGBN 50577.073450 -3738008.312170 5423.056970 0.436932 0.264475 -179.750667
3323d_2015_1001_07_0294_RGBN 49344.357930 -3737996.842700 5421.811410 0.889167 0.186024 -179.728473
3323d_2015_1001_07_0295_RGBN 48109.446420 -3738005.660790 5420.748500 0.424658 0.105802 -179.815943
3323d_2015_1001_07_0296_RGBN 46876.601670 -3738010.843970 5412.495560 0.308947 -0.208454 -179.846631
3323d_2015_1001_07_0297_RGBN 45643.319490 -3738026.032440 5419.485180 0.089167 0.413356 -179.812677
3323d_2015_1001_07_0298_RGBN 44410.587420 -3738036.061470 5416.838330 -1.043978 -0.139061 -179.818396
3323d_2015_1001_07_0299_RGBN 43177.460230 -3738034.027440 5410.787550 -0.039458 -0.151028 -179.793357
3323d_2015_1001_08_0300_RGBN 43159.749120 -3742778.198030 5487.786770 0.890357 0.727222 0.154025
3323d_2015_1001_08_0301_RGBN 44341.093680 -3742764.725840 5479.402110 1.350808 0.462011 0.118348
3323d_2015_1001_08_0302_RGBN 45521.472650 -3742771.145650 5478.646880 0.777358 -0.054379 0.095662
3323d_2015_1001_08_0303_RGBN 46701.938980 -3742782.929240 5486.670670 0.419338 -0.497357 0.047670
3323d_2015_1001_08_0304_RGBN 47883.553910 -3742796.672510 5482.491580 -0.180315 -0.043284 0.109433
3323d_2015_1001_08_0305_RGBN 49063.689210 -3742806.376280 5469.229190 -0.305820 0.376347 0.085056
3323d_2015_1001_08_0306_RGBN 50243.773580 -3742812.193620 5465.179550 -0.473110 -0.091268 0.135473
3323d_2015_1001_08_0307_RGBN 51426.482990 -3742807.754350 5473.115720 -0.922763 -0.602787 0.115675
3323d_2015_1001_08_0308_RGBN 52606.152620 -3742790.304420 5470.619740 -0.817188 -0.235863 0.125945
3323d_2015_1001_08_0309_RGBN 53787.221960 -3742776.309490 5468.636180 0.777036 -0.219983 0.137780
3323d_2015_1001_08_0310_RGBN 54966.836900 -3742770.637240 5463.763320 0.170584 0.061846 0.112998
3323d_2015_1001_08_0311_RGBN 56149.131450 -3742760.440480 5456.890640 0.152719 0.128402 0.082361
3323d_2015_1001_08_0312_RGBN 57333.858880 -3742760.196940 5446.462410 1.115844 0.296064 0.008215
3323d_2015_1001_08_0313_RGBN 58509.281200 -3742773.192590 5438.538650 0.908593 0.293854 -0.002969
3323d_2015_1001_08_0314_RGBN 59688.922740 -3742789.724870 5439.619650 0.375436 0.011757 -0.046026
3323d_2015_1001_08_0315_RGBN 61099.014950 -3742811.587030 5437.823710 0.577966 0.228295 -0.088961
3323d_2015_1001_08_0316_RGBN 62453.848590 -3742843.506150 5432.028910 0.235490 0.177476 0.022422
3323d_2015_1001_08_0317_RGBN 63747.441310 -3742856.518360 5432.733260 -1.380921 -0.051032 0.098197
3323d_2015_1001_08_0318_RGBN 65049.290760 -3742849.490950 5429.107950 -0.655183 -0.210025 0.043246
3323d_2015_1001_08_0319_RGBN 66349.559680 -3742842.128340 5423.582270 0.625574 -0.244998 -0.003069
3323d_2015_1001_08_0320_RGBN 67644.562720 -3742855.967810 5419.501510 1.358548 -0.233734 0.020084
3323d_2015_1001_08_0321_RGBN 68946.798110 -3742881.893410 5406.815930 0.462816 0.015856 0.060750
3323d_2015_1001_08_0322_RGBN 70246.157550 -3742899.782320 5420.384010 -0.471941 -0.851678 0.092433
3323d_2015_1001_08_0323_RGBN 71541.956520 -3742915.380970 5418.520940 0.243445 -0.302123 0.002651
3323d_2015_1001_08_0324_RGBN 72838.131770 -3742932.246510 5411.939820 0.570445 -0.322521 -0.025375
3323d_2015_1001_08_0325_RGBN 74142.119570 -3742951.307450 5424.005960 -0.385988 -0.670990 0.058762
3323d_2015_1001_08_0326_RGBN 75439.719940 -3742960.000060 5423.435930 -0.464658 0.079763 -0.017785
3323d_2015_1001_08_0327_RGBN 76740.640310 -3742976.152820 5420.398190 0.913480 0.091526 -0.103999
3323d_2015_1001_08_0328_RGBN 78043.438610 -3743005.368850 5443.579380 0.360248 -0.906070 -0.098275
3323d_2015_1001_08_0329_RGBN 79346.148240 -3743026.829840 5442.457700 -0.209130 0.078614 -0.052349
3323d_2015_1001_08_0330_RGBN 80643.233350 -3743047.867590 5444.924490 0.383575 0.028630 -0.082050
3323d_2015_1001_08_0331_RGBN 81944.923670 -3743076.909640 5456.987380 0.040574 -0.203343 -0.180816
3323d_2015_1001_08_0332_RGBN 83243.546040 -3743087.155060 5456.818700 -0.929251 0.391503 -0.013685
3323d_2015_1001_08_0333_RGBN 84543.934170 -3743086.379670 5451.602340 -0.396342 0.393272 -0.050595
3323d_2015_1001_08_0334_RGBN 85843.022230 -3743086.051580 5445.137950 0.018822 0.517830 -0.095503
3323d_2015_1001_08_0335_RGBN 87142.421920 -3743074.342800 5434.256090 -0.639278 0.475469 -0.102995
3323d_2015_1001_08_0336_RGBN 88439.490430 -3743058.565110 5430.450650 0.285418 0.167899 -0.122174
3323d_2015_1001_08_0337_RGBN 89738.625920 -3743043.680250 5431.715410 -0.780536 -0.088770 -0.101489
3323d_2015_1001_08_0338_RGBN 91035.472870 -3743029.073030 5440.854270 1.890286 -0.507464 -0.258769
3323d_2015_1001_08_0339_RGBN 92334.437590 -3743055.264710 5453.509820 1.558843 -0.760137 -0.265000
3323d_2015_1001_08_0340_RGBN 93632.150680 -3743090.035710 5453.820290 0.469741 -0.125086 -0.299520
3323d_2015_1001_08_0341_RGBN 94931.576900 -3743123.832600 5447.147700 0.153675 0.214509 -0.313146
3323d_2015_1001_08_0342_RGBN 96231.180890 -3743159.547230 5443.088830 0.497942 0.090994 -0.514069
3323d_2015_1001_09_0343_RGBN 95362.227330 -3747931.671440 5449.828660 -0.302219 -1.281943 179.943865
3323d_2015_1001_09_0344_RGBN 94041.540860 -3747912.032320 5456.768770 0.432222 -0.974484 179.962887
3323d_2015_1001_09_0345_RGBN 92721.672430 -3747887.792640 5459.576260 0.930450 -0.532346 -179.971861
3323d_2015_1001_09_0346_RGBN 91401.393430 -3747886.408800 5457.753770 -0.341360 -0.629393 179.945018
3323d_2015_1001_09_0347_RGBN 90080.072810 -3747883.243530 5453.270940 0.447283 -0.310095 -179.874785
3323d_2015_1001_09_0348_RGBN 88758.510870 -3747884.137370 5450.009510 -0.648029 -0.226877 179.933101
3323d_2015_1001_09_0349_RGBN 87436.910960 -3747861.778760 5439.163190 -0.658131 -0.081351 179.878756
3323d_2015_1001_09_0350_RGBN 86114.942580 -3747844.781950 5433.970310 0.156783 -0.256071 -179.992301
3323d_2015_1001_09_0351_RGBN 84784.170840 -3747837.489450 5439.787590 0.162329 0.176255 -179.934526
3323d_2015_1001_09_0352_RGBN 83439.603340 -3747832.113040 5456.624000 -0.570926 0.469307 -179.988887
3323d_2015_1001_09_0353_RGBN 82096.568670 -3747813.515350 5452.451320 0.265219 -0.327535 -179.890459
3323d_2015_1001_09_0354_RGBN 80943.998190 -3747806.679770 5445.719310 -0.007189 -0.368620 -179.870488
3323d_2015_1001_09_0355_RGBN 79790.212770 -3747812.865070 5436.270060 0.878615 -0.261559 -179.878771
3323d_2015_1001_09_0356_RGBN 78637.032700 -3747825.280580 5440.043780 -1.061131 0.174979 -179.919718
3323d_2015_1001_09_0357_RGBN 77480.756870 -3747812.412820 5451.959330 -0.714425 0.405042 -179.852375
3323d_2015_1001_09_0358_RGBN 76326.029090 -3747783.721890 5444.168690 -0.454965 -0.212154 -179.963287
3323d_2015_1001_09_0359_RGBN 75170.625630 -3747751.352690 5446.532330 0.008381 0.287471 -179.866506
3323d_2015_1001_09_0360_RGBN 74016.986390 -3747727.806010 5434.324180 0.669646 -0.286113 -179.815667
3323d_2015_1001_09_0361_RGBN 72862.931300 -3747715.055320 5448.327060 -0.083015 0.637917 -179.795474
3323d_2015_1001_09_0362_RGBN 71706.716340 -3747699.397090 5449.401940 0.300377 0.076693 -179.730196
3323d_2015_1001_09_0363_RGBN 70553.392490 -3747690.297910 5456.374530 0.176915 0.152258 -179.637213
3323d_2015_1001_09_0364_RGBN 69400.207210 -3747688.215560 5463.633300 -0.030001 -0.297487 -179.752236
3323d_2015_1001_09_0365_RGBN 68245.942560 -3747693.228870 5463.278810 -0.123834 -0.659261 -179.820234
3323d_2015_1001_09_0366_RGBN 67092.459210 -3747683.663690 5475.041800 -0.540392 0.000897 -179.723722
3323d_2015_1001_09_0367_RGBN 65937.375370 -3747669.548180 5486.887060 0.374465 -0.167066 -179.653794
3323d_2015_1001_09_0368_RGBN 64780.184300 -3747676.038300 5487.941840 -0.856030 -0.483942 -179.775913
3323d_2015_1001_09_0369_RGBN 63630.154620 -3747651.381070 5484.370280 -0.107123 -0.252311 -179.712408
3323d_2015_1001_09_0370_RGBN 62434.487830 -3747632.123070 5492.918520 0.475764 0.006615 -179.751260
3323d_2015_1001_09_0371_RGBN 61242.801660 -3747632.192960 5496.741890 0.452218 -0.169324 -179.542065
3323d_2015_1001_09_0372_RGBN 60049.191590 -3747635.083870 5493.308870 -0.526380 -0.312240 -179.859558
3323d_2015_1001_09_0373_RGBN 58858.277770 -3747618.613200 5493.114320 -0.575184 -0.028700 -179.816524
3323d_2015_1001_09_0374_RGBN 57669.049670 -3747603.213490 5489.516890 0.556027 0.025206 -179.741155
3323d_2015_1001_09_0375_RGBN 56402.424380 -3747601.176100 5484.024360 -0.487563 -0.033243 -179.818103
3323d_2015_1001_09_0376_RGBN 55144.519950 -3747580.606470 5486.412080 -0.163578 0.318381 -179.862150
3323d_2015_1001_09_0377_RGBN 53860.424530 -3747575.454110 5490.488100 0.695580 0.156209 -179.683229
3323d_2015_1001_09_0378_RGBN 52574.488370 -3747559.140070 5487.553420 -1.340164 -0.282109 -179.838219
3323d_2015_1001_09_0379_RGBN 51287.789190 -3747538.925980 5501.656750 1.160829 0.340593 -179.653850
3323d_2015_1001_09_0380_RGBN 50000.377910 -3747547.796700 5488.874520 -0.438703 -0.574651 -179.725110
3323d_2015_1001_09_0381_RGBN 48665.534150 -3747551.213800 5498.166630 -0.192466 -0.088438 -179.633830
3323d_2015_1001_09_0382_RGBN 47332.598950 -3747552.520280 5487.831210 0.148669 -0.353370 -179.554565
3323d_2015_1001_09_0383_RGBN 45940.931050 -3747549.073430 5486.883490 -0.154453 -0.190512 -179.656640
3323d_2015_1001_09_0384_RGBN 44535.986440 -3747545.793840 5484.475180 -0.423647 -0.250569 -179.753558
3323d_2015_1001_09_0385_RGBN 43130.445820 -3747538.031480 5487.795620 0.249631 0.216479 -179.683324
3323d_2015_1001_10_0386_RGBN 43115.930980 -3752181.119660 5311.153190 -0.200185 -0.104913 0.165261
3323d_2015_1001_10_0387_RGBN 44458.827550 -3752197.609030 5315.966950 -0.804047 -0.197464 0.130548
3323d_2015_1001_10_0388_RGBN 45775.788380 -3752204.957200 5313.329470 -0.028746 0.195611 0.196755
3323d_2015_1001_10_0389_RGBN 47035.746010 -3752208.733910 5315.857500 -0.246942 -0.006591 0.146532
3323d_2015_1001_10_0390_RGBN 48273.054130 -3752211.831070 5321.208350 0.383485 -0.137998 0.049270
3323d_2015_1001_10_0391_RGBN 49513.109410 -3752207.066290 5327.087320 -1.176678 -0.195961 0.298766
3323d_2015_1001_10_0392_RGBN 50751.087610 -3752190.126460 5322.886860 0.567695 0.311753 0.047941
3323d_2015_1001_10_0393_RGBN 51991.057150 -3752186.217750 5318.304140 0.956738 0.168205 0.043313
3323d_2015_1001_10_0394_RGBN 53231.128570 -3752196.513910 5313.460100 1.144966 0.070371 -0.043125
3323d_2015_1001_10_0395_RGBN 54470.984250 -3752222.162920 5305.279470 0.800444 0.093716 -0.002738
3323d_2015_1001_10_0396_RGBN 55710.320110 -3752248.372100 5295.915040 0.211994 0.296345 -0.157936
3323d_2015_1001_10_0397_RGBN 56951.147100 -3752272.085840 5289.358110 -0.238129 0.091060 -0.080198
3323d_2015_1001_10_0398_RGBN 58190.560060 -3752286.518360 5282.665700 -0.467539 0.144857 0.009503
3323d_2015_1001_10_0399_RGBN 59429.845060 -3752294.704930 5272.397780 -0.343387 0.264610 -0.050436
3323d_2015_1001_10_0400_RGBN 60670.319630 -3752302.374720 5273.909560 0.282593 -0.260361 -0.073822
3323d_2015_1001_10_0401_RGBN 61910.062640 -3752309.624090 5276.301720 -0.823680 -0.387579 0.006437
3323d_2015_1001_10_0402_RGBN 63148.301150 -3752302.773270 5271.310500 -0.049418 -0.098078 0.114343
3323d_2015_1001_10_0403_RGBN 64362.281200 -3752302.774600 5265.046330 0.638070 -0.041006 -0.111184
3323d_2015_1001_10_0404_RGBN 65566.173790 -3752312.838540 5264.616300 0.712802 -0.169972 -0.001881
3323d_2015_1001_10_0405_RGBN 66762.225660 -3752321.535440 5263.821300 -0.457579 -0.064794 -0.084907
3323d_2015_1001_10_0406_RGBN 67960.235920 -3752319.648070 5255.918780 -0.119112 0.237337 0.045639
3323d_2015_1001_10_0407_RGBN 69157.023600 -3752312.093270 5253.126440 -0.694305 0.056835 0.073794
3323d_2015_1001_10_0408_RGBN 70348.362270 -3752321.665530 5249.229400 1.938563 0.071352 -0.123530
3323d_2015_1001_10_0409_RGBN 71459.486310 -3752350.847610 5242.543200 0.846445 0.051419 -0.051924
3323d_2015_1001_10_0410_RGBN 72571.103170 -3752373.006410 5241.646810 -0.592531 -0.348680 -0.250033
3323d_2015_1001_10_0411_RGBN 73682.942770 -3752387.542760 5245.405980 -0.367574 -0.475619 -0.088983
3323d_2015_1001_10_0412_RGBN 74794.507880 -3752392.701090 5239.740390 -0.620873 -0.173385 -0.182077
3323d_2015_1001_10_0413_RGBN 75906.454720 -3752387.720770 5246.524840 -0.415499 -0.766283 -0.164820
3323d_2015_1001_10_0414_RGBN 77020.743340 -3752381.427880 5253.428670 0.045980 -0.714091 -0.176198
3323d_2015_1001_10_0415_RGBN 78132.772790 -3752376.037070 5253.453160 0.325751 -0.320635 -0.150609
3323d_2015_1001_10_0416_RGBN 79244.589570 -3752375.614180 5255.698940 0.420116 -0.344602 -0.139581
3323d_2015_1001_10_0417_RGBN 80356.017270 -3752377.269270 5265.347190 -0.183033 -0.409868 -0.092651
3323d_2015_1001_10_0418_RGBN 81469.075010 -3752374.526350 5271.591480 0.520546 -0.222994 -0.166443
3323d_2015_1001_10_0419_RGBN 82579.522540 -3752379.646710 5272.345170 0.656072 0.031018 -0.322374
3323d_2015_1001_10_0420_RGBN 83690.039650 -3752392.544160 5272.594860 0.181991 0.054180 -0.164718
3323d_2015_1001_10_0421_RGBN 84801.426100 -3752400.770750 5275.254940 0.441976 -0.198280 -0.309499
3323d_2015_1001_10_0422_RGBN 85911.795870 -3752413.715340 5273.087810 -0.144973 -0.036813 -0.268285
3323d_2015_1001_10_0423_RGBN 87022.599550 -3752419.661610 5268.137490 -0.150747 0.072747 -0.234875
3323d_2015_1001_10_0424_RGBN 88133.764060 -3752434.276930 5261.211850 1.153426 0.059367 -0.245628
3323d_2015_1001_10_0425_RGBN 89244.020240 -3752457.095760 5261.559230 0.028361 -0.351773 -0.230316
3323d_2015_1001_10_0426_RGBN 90357.221230 -3752475.488030 5257.635610 0.100893 -0.032868 -0.243828
3323d_2015_1001_10_0427_RGBN 91467.925370 -3752499.571390 5259.271990 0.602155 -0.279638 -0.304672
3323d_2015_1001_10_0428_RGBN 92579.343560 -3752522.437620 5258.609590 -0.975634 0.070698 -0.220826
3323d_2015_1001_10_0429_RGBN 93826.864800 -3752536.009920 5256.533080 0.050048 0.207264 -0.274971
3323d_2015_1001_10_0430_RGBN 95076.113600 -3752552.904280 5253.562000 -0.405478 0.412337 -0.227600
3323d_2015_1001_11_0431_RGBN 94928.008340 -3757239.838640 5092.755320 -1.442563 0.196583 -179.780891
3323d_2015_1001_11_0432_RGBN 93820.311820 -3757213.889510 5088.139110 0.528327 -0.136427 -179.874252
3323d_2015_1001_11_0433_RGBN 92712.363530 -3757192.972280 5093.736160 0.848279 0.163038 -179.868632
3323d_2015_1001_11_0434_RGBN 91599.685820 -3757181.503260 5096.270210 0.471785 0.008873 -179.920693
3323d_2015_1001_11_0435_RGBN 90486.250000 -3757169.837670 5097.023000 0.374396 -0.038485 -179.896003
3323d_2015_1001_11_0436_RGBN 89349.299880 -3757157.595420 5095.555680 0.147692 -0.042031 -179.876337
3323d_2015_1001_11_0437_RGBN 88211.848640 -3757147.193120 5090.410930 0.161978 -0.104277 -179.828160
3323d_2015_1001_11_0438_RGBN 87072.470120 -3757125.328160 5097.965040 -0.273153 0.393108 179.981121
3323d_2015_1001_11_0439_RGBN 85935.264190 -3757104.449510 5101.128870 0.110061 -0.137386 179.941270
3323d_2015_1001_11_0440_RGBN 84797.168030 -3757086.756610 5106.073300 0.078523 0.289162 179.989491
3323d_2015_1001_11_0441_RGBN 83659.851280 -3757053.039480 5111.705150 0.487721 -0.100349 -179.947952
3323d_2015_1001_11_0442_RGBN 82523.037710 -3757041.499140 5114.330700 1.443098 -0.037792 -179.814049
3323d_2015_1001_11_0443_RGBN 81384.839240 -3757059.879800 5114.862670 -0.241409 -0.194260 -179.863706
3323d_2015_1001_11_0444_RGBN 80247.598560 -3757058.818210 5116.412720 -0.684879 0.041967 -179.859552
3323d_2015_1001_11_0445_RGBN 79041.831110 -3757043.980950 5113.873590 -0.479406 -0.034978 -179.830030
3323d_2015_1001_11_0446_RGBN 77834.590100 -3757036.732640 5106.179400 0.454985 -0.151880 -179.797076
3323d_2015_1001_11_0447_RGBN 76590.829110 -3757035.142520 5102.559290 -0.011084 0.024805 -179.806868
3323d_2015_1001_11_0448_RGBN 75334.391720 -3757037.435000 5107.519230 -0.257477 0.161290 -179.831383
3323d_2015_1001_11_0449_RGBN 74075.967170 -3757028.866770 5104.566870 -0.093499 -0.219581 -179.829665
3323d_2015_1001_11_0450_RGBN 72816.199660 -3757016.573180 5103.130310 0.158798 -0.055819 -179.771429
3323d_2015_1001_11_0451_RGBN 71555.075730 -3757021.765750 5108.473240 0.309028 0.087506 -179.800400
3323d_2015_1001_11_0452_RGBN 70296.003640 -3757020.812170 5113.564220 -0.315566 0.008464 -179.759732
3323d_2015_1001_11_0453_RGBN 69036.208820 -3757014.808860 5113.845680 0.142237 -0.124820 -179.633457
3323d_2015_1001_11_0454_RGBN 67778.383070 -3757011.025420 5110.095130 -0.230039 -0.147751 -179.602219
3323d_2015_1001_11_0455_RGBN 66520.523270 -3756994.717950 5109.242600 -0.091227 -0.078083 -179.638555
3323d_2015_1001_11_0456_RGBN 65262.991230 -3756982.383310 5112.517740 0.302407 0.104090 -179.586904
3323d_2015_1001_11_0457_RGBN 64001.676380 -3756982.374640 5117.119740 0.189366 0.179806 -179.588741
3323d_2015_1001_11_0458_RGBN 62702.230680 -3756987.941830 5117.696130 -0.091940 0.010771 -179.487483
3323d_2015_1001_11_0459_RGBN 61397.968260 -3756981.875490 5116.738160 -0.618988 0.008051 -179.589239
3323d_2015_1001_11_0460_RGBN 60096.542790 -3756959.937240 5119.740380 0.205481 0.082185 -179.588061
3323d_2015_1001_11_0461_RGBN 58796.620310 -3756942.677680 5119.919330 -0.217620 -0.088704 -179.536815
3323d_2015_1001_11_0462_RGBN 57491.593560 -3756930.320060 5116.406960 0.071455 -0.209711 -179.487897
3323d_2015_1001_11_0463_RGBN 56186.368440 -3756910.133140 5116.965390 -0.121307 0.119455 -179.574364
3323d_2015_1001_11_0464_RGBN 54885.804280 -3756886.369200 5119.925100 0.232616 0.161894 -179.438953
3323d_2015_1001_11_0465_RGBN 53580.031960 -3756872.854910 5118.885900 0.139837 -0.038367 -179.474864
3323d_2015_1001_11_0466_RGBN 52280.906070 -3756869.377720 5118.415200 -0.251536 -0.039083 -179.516706
3323d_2015_1001_11_0467_RGBN 50978.440110 -3756864.153480 5119.098340 0.107209 -0.129494 -179.318143
3323d_2015_1001_11_0468_RGBN 49675.430630 -3756871.689900 5117.130400 0.105184 -0.073907 -179.369801
3323d_2015_1001_11_0469_RGBN 48374.097500 -3756882.180230 5119.734780 0.041691 0.057324 -179.338975
3323d_2015_1001_11_0470_RGBN 47066.306140 -3756880.399350 5122.421240 -0.578377 -0.031306 -179.470534
3323d_2015_1001_11_0471_RGBN 45759.546700 -3756868.214740 5119.324570 -0.216359 -0.064469 -179.457048
3323d_2015_1001_11_0472_RGBN 44422.764160 -3756863.344440 5118.673490 0.456817 0.065172 -179.391029
3323d_2015_1001_11_0473_RGBN 43084.768710 -3756867.110510 5106.241360 -0.340653 -0.394727 -179.455889
3323d_2015_1001_12_0474_RGBN 43065.665020 -3761358.211140 5147.316350 0.084281 -0.082508 0.179670
3323d_2015_1001_12_0475_RGBN 44545.783550 -3761353.918390 5148.036160 1.621104 -0.248196 -0.118858
3323d_2015_1001_12_0476_RGBN 46027.782220 -3761379.305700 5147.298690 1.508330 -0.199650 -0.256618
3323d_2015_1001_12_0477_RGBN 47494.405660 -3761418.719930 5148.748160 0.195527 -0.195398 -0.106438
3323d_2015_1001_12_0478_RGBN 48954.150430 -3761447.647500 5146.203750 -0.435916 0.066458 0.059818
3323d_2015_1001_12_0479_RGBN 50414.262740 -3761460.501560 5148.050800 -0.519883 -0.124785 0.061566
3323d_2015_1001_12_0480_RGBN 51871.141960 -3761460.158530 5145.984240 -0.421332 0.019092 0.034012
3323d_2015_1001_12_0481_RGBN 53328.293930 -3761458.600200 5147.955240 0.306359 -0.142925 0.043457
3323d_2015_1001_12_0482_RGBN 54783.835170 -3761474.094290 5149.396760 0.842713 -0.153710 -0.000108
3323d_2015_1001_12_0483_RGBN 56239.531830 -3761500.027010 5146.753900 0.206699 -0.010895 0.072312
3323d_2015_1001_12_0484_RGBN 57692.942790 -3761515.039230 5146.527830 -0.884180 0.097176 0.139702
3323d_2015_1001_12_0485_RGBN 59147.321680 -3761503.501810 5145.574260 -0.907860 -0.006842 0.194011
3323d_2015_1001_12_0486_RGBN 60593.161700 -3761491.426290 5146.989360 0.699750 0.033610 0.090296
3323d_2015_1001_12_0487_RGBN 62038.655570 -3761498.517370 5145.875160 0.394771 -0.005197 0.112945
3323d_2015_1001_12_0488_RGBN 63482.617390 -3761510.528880 5146.493340 0.489038 -0.020867 0.033672
3323d_2015_1001_12_0489_RGBN 64926.104670 -3761537.287680 5146.221830 1.162187 -0.034405 0.138843
3323d_2015_1001_12_0490_RGBN 66373.449550 -3761569.497210 5145.625060 -0.681191 0.086378 0.131812
3323d_2015_1001_12_0491_RGBN 67819.517780 -3761579.165830 5145.865080 -0.447229 0.114290 0.222302
3323d_2015_1001_12_0492_RGBN 69263.555780 -3761582.407260 5146.928110 -0.050907 0.089914 0.158450
3323d_2015_1001_12_0493_RGBN 70706.878700 -3761588.088770 5144.141340 0.206483 0.151826 0.116649
3323d_2015_1001_12_0494_RGBN 72152.476450 -3761595.220600 5146.575140 -0.189539 -0.047486 0.268474
3323d_2015_1001_12_0495_RGBN 73596.219190 -3761595.594770 5144.882920 0.154560 0.020522 0.130546
3323d_2015_1001_12_0496_RGBN 75041.410350 -3761598.597620 5144.760300 0.324809 -0.007664 0.098588
3323d_2015_1001_12_0497_RGBN 76460.583590 -3761604.699400 5147.087460 0.528240 -0.135738 0.082923
3323d_2015_1001_12_0498_RGBN 77864.817570 -3761619.237700 5143.751950 0.324266 0.118209 0.291690
3323d_2015_1001_12_0499_RGBN 79269.380520 -3761633.412480 5146.317810 -0.253409 -0.067005 0.290915
3323d_2015_1001_12_0500_RGBN 80639.108170 -3761636.349750 5145.629970 -0.013216 0.116695 0.287127
3323d_2015_1001_12_0501_RGBN 81958.633190 -3761640.902810 5141.685310 0.455193 0.247550 0.226272
3323d_2015_1001_12_0502_RGBN 83277.902930 -3761655.534750 5141.926870 0.842116 -0.094854 0.222598
3323d_2015_1001_12_0503_RGBN 84566.170550 -3761683.056230 5145.684380 0.888293 -0.265272 0.205552
3323d_2015_1001_12_0504_RGBN 85855.492750 -3761719.146120 5148.597250 0.112613 -0.101325 0.244996
3323d_2015_1001_12_0505_RGBN 87142.054190 -3761739.978770 5150.503810 -0.593524 0.021957 0.218753
3323d_2015_1001_12_0506_RGBN 88358.661130 -3761747.038890 5149.384590 -0.720271 0.090494 0.248511
3323d_2015_1001_12_0507_RGBN 89575.056760 -3761746.013090 5144.029220 -0.114734 0.171008 0.062984
3323d_2015_1001_12_0508_RGBN 90793.357720 -3761744.677500 5136.138420 0.395359 0.479115 -0.034316
3323d_2015_1001_12_0509_RGBN 92005.703490 -3761758.324950 5129.959220 1.196270 0.296672 -0.185531
3323d_2015_1001_12_0510_RGBN 93220.787240 -3761781.000360 5122.416430 0.076657 0.335756 -0.091405
3323d_2015_1001_12_0511_RGBN 94440.854240 -3761801.325930 5118.964900 0.449454 0.063490 -0.174617
3323d_2015_1001_12_0512_RGBN 95656.186960 -3761826.638370 5121.641240 -0.399371 -0.157467 -0.109201
3323d_2015_1001_13_0513_RGBN 95782.506970 -3766112.460190 5139.051300 -1.263574 -0.223630 179.684452
3323d_2015_1001_13_0514_RGBN 94315.717330 -3766125.232320 5149.051030 -1.277053 0.391175 179.736531
3323d_2015_1001_13_0515_RGBN 92830.050190 -3766123.308860 5147.209710 -0.957397 -0.001385 179.742577
3323d_2015_1001_13_0516_RGBN 91339.882630 -3766101.196740 5135.720520 -0.919756 -0.116873 179.762647
3323d_2015_1001_13_0517_RGBN 89850.632300 -3766079.328890 5132.092570 0.431845 0.150917 179.939026
3323d_2015_1001_13_0518_RGBN 88361.793100 -3766079.634930 5122.452340 0.594685 -0.239153 179.847747
3323d_2015_1001_13_0519_RGBN 86876.125850 -3766081.867470 5116.193410 0.298305 0.049820 179.898080
3323d_2015_1001_13_0520_RGBN 85412.702760 -3766077.002540 5112.070450 -0.463440 -0.188019 179.908162
3323d_2015_1001_13_0521_RGBN 83923.948840 -3766052.286630 5095.762460 0.212067 -0.253521 179.906740
3323d_2015_1001_13_0522_RGBN 82444.341670 -3766028.026990 5091.528130 -0.677229 0.342844 179.856327
3323d_2015_1001_13_0523_RGBN 80962.717460 -3766001.729510 5100.249360 -0.026592 0.602596 179.838716
3323d_2015_1001_13_0524_RGBN 79476.172840 -3765972.496710 5102.271650 0.009140 0.222131 179.943844
3323d_2015_1001_13_0525_RGBN 77984.912340 -3765961.981130 5094.126820 0.858548 -0.003484 179.982050
3323d_2015_1001_13_0526_RGBN 76494.181850 -3765966.905120 5095.179840 -0.568057 0.011019 179.978560
3323d_2015_1001_13_0527_RGBN 75003.861020 -3765958.456950 5082.982490 0.233446 -0.184554 -179.984072
3323d_2015_1001_13_0528_RGBN 73515.097750 -3765950.402140 5078.360860 -0.961754 -0.107426 179.961362
3323d_2015_1001_13_0529_RGBN 72027.736630 -3765924.294140 5076.319510 -0.209944 0.295890 179.915163
3323d_2015_1001_13_0530_RGBN 70538.615550 -3765893.709340 5078.449260 -0.333034 0.121399 179.976020
3323d_2015_1001_13_0531_RGBN 69062.540290 -3765868.891970 5076.095230 0.666348 0.231214 179.945207
3323d_2015_1001_13_0532_RGBN 67583.939160 -3765848.374600 5089.808060 -0.369940 0.460072 179.949551
3323d_2015_1001_13_0533_RGBN 66097.190790 -3765835.531850 5096.562990 0.618595 0.138851 -179.973503
3323d_2015_1001_14_0535_RGBN 46113.346340 -3765627.274100 5433.545990 -0.958236 0.060277 90.139195
3323d_2015_1001_14_0536_RGBN 46118.675740 -3764116.508720 5427.096220 -0.682433 1.106620 90.218930
3323d_2015_1001_14_0537_RGBN 46134.912110 -3762604.417320 5423.403000 -0.387485 -0.323434 90.290631
3323d_2015_1001_14_0538_RGBN 46135.387340 -3761095.752860 5424.117860 -0.250303 -0.485559 90.264748
3323d_2015_1001_14_0539_RGBN 46150.330480 -3759586.701120 5421.624060 -0.340959 1.232596 90.151175
3323d_2015_1001_14_0540_RGBN 46178.953740 -3758077.949310 5416.203630 -0.235271 -0.413695 90.204050
3323d_2015_1001_14_0541_RGBN 46193.796860 -3756569.958470 5411.771570 -0.274357 -0.147958 90.182818
3323d_2015_1001_14_0542_RGBN 46208.162780 -3755062.000120 5398.365230 -0.684599 0.129102 90.162993
3323d_2015_1001_14_0543_RGBN 46225.922160 -3753553.266480 5381.308750 -0.375930 -0.153678 90.137125
3323d_2015_1001_14_0544_RGBN 46232.505460 -3752043.621560 5385.956250 0.306649 -0.500134 90.227035
3323d_2015_1001_14_0545_RGBN 46244.491650 -3750536.251610 5387.612830 0.263984 0.941108 90.101449
3323d_2015_1001_14_0546_RGBN 46274.582910 -3749026.813580 5378.995250 -0.121453 -0.055335 90.166244
3323d_2015_1001_14_0547_RGBN 46287.806740 -3747516.866900 5373.746120 0.011318 -0.732635 90.219395
3323d_2015_1001_14_0548_RGBN 46282.602600 -3746007.411160 5371.049570 -0.000952 -0.336790 90.124621
3323d_2015_1001_14_0549_RGBN 46281.016380 -3744498.647620 5374.139870 0.102901 0.154742 90.102364
3323d_2015_1001_14_0550_RGBN 46279.032220 -3742987.883460 5380.072030 0.198655 0.680735 90.051281
3323d_2015_1001_14_0551_RGBN 46287.447140 -3741479.775650 5387.821340 0.263713 0.011784 90.036435
3323d_2015_1001_14_0552_RGBN 46295.352820 -3739970.547550 5390.972320 0.064481 0.570382 90.091776
3323d_2015_1001_14_0553_RGBN 46317.070290 -3738460.189640 5391.194560 0.030068 0.157055 90.095527
3323d_2015_1001_14_0554_RGBN 46331.336600 -3736951.819150 5387.575210 -0.174551 -0.248852 90.154114
3323d_2015_1001_14_0555_RGBN 46332.486810 -3735444.428240 5381.362940 -0.259805 -0.412865 90.080798
3323d_2015_1001_14_0556_RGBN 46327.801960 -3733936.371270 5372.388300 -0.287904 0.301202 90.040218
3323d_2015_1001_14_0557_RGBN 46330.296490 -3732427.576760 5367.832920 -0.207421 0.340249 90.009336
3323d_2015_1001_14_0558_RGBN 46340.135310 -3730919.500160 5372.016880 0.248238 -0.119917 90.091405
3323d_2015_1001_14_0559_RGBN 46338.574730 -3729411.221600 5375.650110 0.092845 -0.208119 90.152580
3323d_2015_1001_14_0560_RGBN 46345.789990 -3727901.230330 5370.522660 -0.234122 0.328104 89.953369
3323d_2015_1001_14_0561_RGBN 46351.613400 -3726391.851640 5367.646280 -0.039683 0.214684 90.056557
3323d_2015_1001_14_0562_RGBN 46365.131740 -3724883.774890 5375.968620 0.426322 -0.212951 90.050782
3323d_2015_1001_14_0563_RGBN 46369.588820 -3723374.085720 5375.979070 0.020958 -0.416517 90.169014
3323d_2015_1001_14_0564_RGBN 46374.271030 -3721863.902710 5375.621580 -0.122179 1.172715 90.003977
3323d_2015_1001_14_0565_RGBN 46398.114050 -3720351.038080 5378.949130 0.177790 -0.495394 90.115690
3323d_2015_1001_14_0566_RGBN 46404.469560 -3718843.193440 5377.701350 -0.162150 -0.388956 90.120593
3323d_2015_1001_14_0567_RGBN 46407.495010 -3717332.723010 5369.390040 -0.452209 0.274464 90.051256
3323d_2015_1001_14_0568_RGBN 46413.317770 -3715821.509120 5379.120370 0.320491 0.511638 90.012186
3323d_2015_1001_14_0569_RGBN 46428.909490 -3714314.770570 5385.318370 0.114261 0.172148 90.077541
3323d_2015_1001_14_0570_RGBN 46442.837200 -3712800.782640 5391.316880 0.172674 -0.205245 90.082115
3323d_2015_1001_14_0571_RGBN 46448.556230 -3711292.236150 5388.527350 -0.330561 0.258794 90.092211
3323d_2015_1001_14_0572_RGBN 46470.683160 -3709782.127910 5381.516500 -0.318665 0.639339 90.044424
3323d_2015_1001_14_0573_RGBN 46489.054650 -3708275.059040 5387.408150 0.081681 -0.420852 90.101515
3323d_2015_1001_14_0574_RGBN 46487.064410 -3706766.583640 5387.828970 0.039997 -1.187501 90.074349
3323d_2015_1001_14_0575_RGBN 46466.805810 -3705258.106370 5386.322090 -0.171928 -0.094584 90.085442
3323d_2015_1001_15_0576_RGBN 93001.530850 -3705424.356710 5448.396980 -0.234839 -0.040457 -90.691851
3323d_2015_1001_15_0577_RGBN 92972.842350 -3706945.730100 5446.088500 -0.374306 -1.161252 -90.808691
3323d_2015_1001_15_0578_RGBN 92949.650700 -3708467.809210 5444.213650 0.058479 0.957528 -90.665609
3323d_2015_1001_15_0579_RGBN 92972.492060 -3709989.488200 5443.509420 0.049475 -0.415481 -90.785949
3323d_2015_1001_15_0580_RGBN 92967.856140 -3711512.701450 5425.433230 0.569438 -0.286177 -90.765076
3323d_2015_1001_15_0581_RGBN 92945.446120 -3713033.277700 5414.485160 0.049848 -0.532198 -90.775220
3323d_2015_1001_15_0582_RGBN 92910.745440 -3714556.016120 5408.346690 -0.037002 -0.408181 -90.769049
3323d_2015_1001_15_0583_RGBN 92873.207410 -3716079.794170 5396.427690 0.227532 0.284850 -90.909497
3323d_2015_1001_15_0584_RGBN 92841.247710 -3717602.924540 5391.355590 -0.222037 -0.141496 -90.865991
3323d_2015_1001_15_0585_RGBN 92832.386050 -3719125.015930 5387.579780 0.017112 1.066938 -90.770685
3323d_2015_1001_15_0586_RGBN 92821.731510 -3720646.808270 5385.867800 -0.323275 -0.949327 -90.839300
3323d_2015_1001_15_0587_RGBN 92782.951140 -3722168.537170 5375.814700 0.176505 -0.184587 -90.754926
3323d_2015_1001_15_0588_RGBN 92749.439680 -3723685.927190 5371.982680 -0.152835 0.065716 -90.814537
3323d_2015_1001_15_0589_RGBN 92726.443690 -3725204.112970 5370.429170 -0.147226 0.530973 -90.793427
3323d_2015_1001_15_0590_RGBN 92715.774670 -3726726.637580 5362.812930 0.220530 -0.016713 -90.769667
3323d_2015_1001_15_0591_RGBN 92705.599630 -3728246.964200 5377.514030 -0.840409 -0.357015 -90.807375
3323d_2015_1001_15_0592_RGBN 92697.477600 -3729767.893900 5372.442630 0.425303 -0.352210 -90.739680
3323d_2015_1001_15_0593_RGBN 92680.359870 -3731286.347070 5355.281400 0.506070 0.147398 -90.765912
3323d_2015_1001_15_0594_RGBN 92673.505080 -3732808.840530 5373.318040 -1.004407 -0.150328 -90.731025
3323d_2015_1001_15_0595_RGBN 92661.619530 -3734328.155830 5368.212090 0.174909 -0.480429 -90.894155
3323d_2015_1001_15_0596_RGBN 92651.184540 -3735849.066700 5366.309630 -0.152536 0.033119 -90.833886
3323d_2015_1001_15_0597_RGBN 92635.936990 -3737370.041790 5376.581660 -0.413121 0.279580 -90.799921
3323d_2015_1001_15_0598_RGBN 92633.005450 -3738891.986040 5375.913030 0.163680 0.137596 -90.856641
3323d_2015_1001_15_0599_RGBN 92620.190670 -3740414.329290 5371.747690 0.036497 -0.682970 -90.922587
3323d_2015_1001_15_0600_RGBN 92604.498100 -3741937.111770 5374.564380 0.027017 0.648077 -90.861273
3323d_2015_1001_15_0601_RGBN 92595.886990 -3743459.732720 5380.353380 -0.144744 -0.282964 -90.937991
3323d_2015_1001_15_0602_RGBN 92586.180980 -3744979.746630 5388.031620 -0.205475 -0.453565 -90.984212
3323d_2015_1001_15_0603_RGBN 92559.765900 -3746500.808340 5394.901360 0.071973 0.655615 -90.873266
3323d_2015_1001_15_0604_RGBN 92538.054990 -3748021.012550 5400.802790 -0.008166 -0.776902 -90.959856
3323d_2015_1001_15_0605_RGBN 92520.347200 -3749540.958520 5399.432430 0.324106 0.649565 -90.837110
3323d_2015_1001_15_0606_RGBN 92512.961350 -3751059.805220 5393.017770 0.315058 -0.278723 -90.955899
3323d_2015_1001_15_0607_RGBN 92496.312900 -3752578.182550 5396.031060 -0.203999 0.553103 -90.960170
3323d_2015_1001_15_0608_RGBN 92488.153740 -3754099.917690 5399.189060 -0.054577 -0.248567 -90.904737
3323d_2015_1001_15_0609_RGBN 92498.767960 -3755620.156530 5390.227700 0.305003 0.047516 -90.903193
3323d_2015_1001_15_0610_RGBN 92495.666610 -3757141.685870 5380.901760 0.175947 -0.180503 -90.924840
3323d_2015_1001_15_0611_RGBN 92476.612230 -3758661.752650 5385.441520 -0.201258 -0.071151 -90.864218
3323d_2015_1001_15_0612_RGBN 92456.586020 -3760183.647810 5391.316650 -0.164144 -0.315655 -91.007946
3323d_2015_1001_15_0613_RGBN 92439.998970 -3761705.513980 5384.475640 0.331377 -0.318629 -91.060503
3323d_2015_1001_15_0614_RGBN 92414.235950 -3763228.445450 5368.647630 0.591786 0.042723 -90.953407
3323d_2015_1001_15_0615_RGBN 92392.338030 -3764749.204870 5358.481810 0.310759 0.065418 -90.921528
3323d_2015_1001_15_0616_RGBN 92390.016900 -3766269.736980 5376.929440 -0.850433 0.362375 -90.990779
3323d_2015_1001_15_0617_RGBN 92360.988430 -3767788.565900 5386.324740 -0.340959 -0.810612 -91.046424
3323d_2015_1001_15_0618_RGBN 92330.407290 -3769308.195100 5373.560070 0.282441 0.835497 -91.055988
3323d_2015_1001_16_0620_RGBN 43878.146890 -3762523.872710 5107.559130 0.222048 0.087167 15.079401
3323d_2015_1001_16_0621_RGBN 45322.756160 -3762134.992950 5109.091490 0.947437 0.251396 14.975422
3323d_2015_1001_16_0622_RGBN 46770.239930 -3761778.225840 5111.195960 0.462609 -0.004609 15.075295
3323d_2015_1001_16_0623_RGBN 48218.756610 -3761421.698550 5115.160130 -0.268170 -0.280679 14.938823
3323d_2015_1001_16_0624_RGBN 49667.592650 -3761061.620010 5118.273930 -0.065547 -0.277488 14.994331
3323d_2015_1001_16_0625_RGBN 51114.690750 -3760697.245450 5125.947450 -0.501487 -0.477349 15.023285
3323d_2015_1001_16_0626_RGBN 52559.139770 -3760322.875370 5129.223810 -0.321405 -0.234006 15.057653
3323d_2015_1001_16_0627_RGBN 54006.212480 -3759932.384570 5130.305950 -0.661456 -0.133499 15.145573
3323d_2015_1001_16_0628_RGBN 55449.909220 -3759547.196490 5125.036730 0.224636 0.374126 14.975470
3323d_2015_1001_16_0629_RGBN 56896.344720 -3759162.572910 5126.134060 0.156895 -0.076379 15.008054
3323d_2015_1001_16_0630_RGBN 58343.713800 -3758785.687260 5125.842640 0.507609 0.100012 14.933860
3323d_2015_1001_16_0631_RGBN 59788.711360 -3758409.075790 5124.578120 -0.178149 0.020942 14.970264
3323d_2015_1001_16_0632_RGBN 61232.418270 -3758022.703810 5124.259190 -0.371145 -0.144301 14.870717
3323d_2015_1001_16_0633_RGBN 62676.695620 -3757633.981280 5122.586980 0.231463 0.121166 14.865162
3323d_2015_1001_16_0634_RGBN 64120.753670 -3757260.175450 5121.339200 1.091039 0.321459 14.763510
3323d_2015_1001_16_0635_RGBN 65570.056750 -3756905.725260 5121.102660 0.478915 0.207335 14.826523
3323d_2015_1001_17_0636_RGBN 95770.987220 -3766845.367570 5136.835720 0.980239 0.000323 169.561666
3323d_2015_1001_17_0637_RGBN 94277.797550 -3766581.471880 5143.986940 0.824743 -0.098034 169.600465
3323d_2015_1001_17_0638_RGBN 92789.187350 -3766302.370920 5157.246030 -0.560939 0.155730 169.666896
3323d_2015_1001_17_0639_RGBN 91299.786230 -3766005.199010 5161.843720 0.265757 -0.091444 169.704724
3323d_2015_1001_17_0640_RGBN 89807.785370 -3765726.370320 5162.697890 -0.178266 -0.343130 169.692261
3323d_2015_1001_17_0641_RGBN 88315.028400 -3765443.985780 5161.102530 -0.047629 -0.309322 169.653668
3323d_2015_1001_17_0642_RGBN 86828.803750 -3765139.849050 5164.894740 -0.713963 -0.040375 169.668197
3323d_2015_1001_17_0643_RGBN 85342.057490 -3764827.210470 5167.611660 0.076260 -0.076189 169.776095
3323d_2015_1001_17_0644_RGBN 83853.530950 -3764528.700590 5177.053220 0.347221 0.079658 169.724892
3323d_2015_1001_17_0645_RGBN 82360.299480 -3764245.781530 5185.011880 0.487283 0.049043 169.907653
3323d_2015_1001_17_0646_RGBN 80875.844320 -3763966.107470 5190.275510 -0.069680 -0.094816 169.954115
3323d_2015_1001_17_0647_RGBN 79384.833600 -3763677.671960 5185.987300 -0.414130 -0.398665 169.935792
3323d_2015_1001_17_0648_RGBN 77898.635180 -3763382.061510 5188.304630 0.271854 -0.162922 169.817908
3323d_2015_1001_17_0649_RGBN 76410.593690 -3763088.901430 5180.911120 -0.538597 -0.415161 169.752583
3323d_2015_1001_17_0650_RGBN 74926.806380 -3762798.491750 5172.317150 0.147386 -0.353646 169.860792
3323d_2015_1001_17_0651_RGBN 73434.709890 -3762529.392660 5173.388470 1.154970 -0.026382 169.978786
3323d_2015_1001_17_0652_RGBN 71943.376040 -3762271.340870 5173.827180 -0.503090 -0.071974 169.917238
3323d_2015_1001_17_0653_RGBN 70450.766210 -3762010.680080 5170.029970 -0.569674 -0.091878 169.963068
3323d_2015_1001_17_0654_RGBN 68962.085380 -3761711.737630 5170.322640 -1.074379 0.193139 169.964362
3323d_2015_1001_17_0655_RGBN 67474.986460 -3761403.930120 5170.334030 0.542234 -0.010499 169.965971
3323d_2015_1001_17_0656_RGBN 65986.102870 -3761123.029960 5169.048290 0.080399 -0.026093 169.877171
3323d_2015_1001_17_0657_RGBN 64497.045550 -3760841.906220 5168.048220 -0.542548 0.006045 169.952864
3323d_2015_1001_17_0658_RGBN 63009.378600 -3760559.373280 5164.247510 0.746774 -0.268211 170.073589
3323d_2015_1001_17_0659_RGBN 61521.063840 -3760273.534620 5164.915990 -0.924544 0.019749 169.978890
3323d_2015_1001_17_0660_RGBN 60032.743970 -3759994.673620 5168.587910 0.834503 -0.048334 170.031021
3323d_2015_1001_17_0661_RGBN 58542.728260 -3759720.589340 5174.397180 -0.143485 0.187016 170.022705
3323d_2015_1001_17_0662_RGBN 57052.158690 -3759447.470480 5182.440760 0.117088 0.196523 169.992568
3323d_2015_1001_17_0663_RGBN 55559.047610 -3759187.424370 5182.703610 0.602477 0.015733 170.125182
3323d_2015_1001_17_0664_RGBN 54067.008400 -3758930.009110 5188.448940 -1.195854 0.287409 169.959107
3323d_2015_1001_17_0665_RGBN 52578.401470 -3758636.163470 5188.416870 -0.463826 0.071910 169.955690
3323d_2015_1001_17_0666_RGBN 51088.953860 -3758357.138540 5179.484090 0.811680 -0.340676 170.012814
3323d_2015_1001_17_0667_RGBN 49597.324370 -3758105.011440 5171.901730 -0.015523 -0.079543 170.079766
3323d_2015_1001_17_0668_RGBN 48109.289440 -3757826.522930 5175.797940 -1.322444 0.224115 169.946839
3323d_2015_1001_17_0669_RGBN 46621.564710 -3757524.029140 5167.513550 -0.566779 -0.161149 170.004034
3323d_2015_1001_17_0670_RGBN 45136.203540 -3757218.665100 5162.757940 0.502354 -0.005745 169.980336
