3324c_2015_1004_01_0001_RGBN -96041.959310 -3709612.772240 5543.567690 -0.145216 -0.046214 1.627282
3324c_2015_1004_01_0002_RGBN -94809.463820 -3709593.105400 5544.942530 0.932072 0.454783 1.557896
3324c_2015_1004_01_0003_RGBN -93578.394440 -3709587.325960 5541.972260 -0.043937 0.582680 1.564053
3324c_2015_1004_01_0004_RGBN -92347.068090 -3709583.349120 5542.537500 -0.115908 0.359827 1.351021
3324c_2015_1004_01_0005_RGBN -91116.188660 -3709572.653290 5542.964300 -0.232319 0.340560 1.143735
3324c_2015_1004_01_0006_RGBN -89884.559100 -3709554.023920 5543.731080 -0.095555 0.291662 0.984189
3324c_2015_1004_01_0007_RGBN -88663.489290 -3709543.160530 5546.640560 0.705378 0.202249 0.815724
3324c_2015_1004_01_0008_RGBN -87443.896610 -3709549.565290 5553.500530 0.070347 -0.060369 0.777524
3324c_2015_1004_01_0009_RGBN -86220.580130 -3709546.162810 5557.996740 -0.170139 0.130393 0.708639
3324c_2015_1004_01_0010_RGBN -85004.952860 -3709528.910780 5561.363080 -1.037512 -0.013299 0.788743
3324c_2015_1004_01_0011_RGBN -83781.941500 -3709494.130140 5569.351920 1.241828 -0.089106 0.701124
3324c_2015_1004_01_0012_RGBN -82559.617400 -3709490.291570 5560.685830 1.050103 0.794663 0.739813
3324c_2015_1004_01_0013_RGBN -81343.127190 -3709499.607620 5550.510410 0.237075 0.390382 0.782683
3324c_2015_1004_01_0014_RGBN -80117.107050 -3709495.974650 5552.103830 -0.433900 0.114002 0.815855
3324c_2015_1004_01_0015_RGBN -78896.839340 -3709481.909660 5556.165740 0.266547 -0.172816 0.818272
3324c_2015_1004_01_0016_RGBN -77674.679770 -3709474.396720 5564.090690 0.158142 -0.247210 0.828305
3324c_2015_1004_01_0017_RGBN -76454.804060 -3709463.596810 5564.057200 -0.512084 -0.038016 0.908610
3324c_2015_1004_01_0018_RGBN -75236.886920 -3709446.269520 5559.262150 0.139027 0.204855 0.888914
3324c_2015_1004_01_0019_RGBN -74018.246110 -3709442.945230 5549.797700 0.585460 0.463689 0.812114
3324c_2015_1004_01_0020_RGBN -72798.278760 -3709429.232890 5536.740090 -0.595967 0.658751 0.825225
3324c_2015_1004_01_0021_RGBN -71577.178290 -3709409.335970 5533.737190 0.321053 0.196355 0.811775
3324c_2015_1004_01_0022_RGBN -70357.971190 -3709398.419090 5537.531080 0.153867 -0.094475 0.753433
3324c_2015_1004_01_0023_RGBN -69135.380460 -3709382.643360 5536.650460 0.183028 0.061021 0.727606
3324c_2015_1004_01_0024_RGBN -67913.620910 -3709377.280860 5536.580020 0.366627 -0.121730 0.898764
3324c_2015_1004_01_0025_RGBN -66691.615670 -3709378.719270 5535.681860 0.361254 -0.088904 0.756445
3324c_2015_1004_01_0026_RGBN -65469.435090 -3709376.429060 5532.596820 0.039515 -0.020073 0.713912
3324c_2015_1004_01_0027_RGBN -64004.170250 -3709374.764960 5528.589310 -0.058495 0.109927 0.671050
3324c_2015_1004_01_0028_RGBN -62541.300720 -3709363.127870 5522.704630 -0.321959 0.122148 0.521480
3324c_2015_1004_01_0029_RGBN -61077.337200 -3709348.938690 5517.524080 0.433874 0.031001 0.537419
3324c_2015_1004_01_0030_RGBN -59614.359300 -3709349.734320 5512.409030 0.175921 0.104946 0.611597
3324c_2015_1004_01_0031_RGBN -58150.305510 -3709341.375510 5507.751440 -0.046080 -0.099341 0.598410
3324c_2015_1004_01_0032_RGBN -56689.191570 -3709324.283150 5534.642270 -0.450777 -0.965455 0.472834
3324c_2015_1004_01_0033_RGBN -55225.820620 -3709301.900190 5545.069960 1.338292 -0.276906 0.402394
3324c_2015_1004_01_0034_RGBN -53764.356800 -3709311.047100 5537.738330 -0.535727 0.271313 0.313315
3324c_2015_1004_01_0035_RGBN -52302.458580 -3709300.379970 5527.667120 0.039315 0.341280 0.488406
3324c_2015_1004_01_0036_RGBN -50838.008810 -3709280.001680 5518.051820 -0.833964 0.456213 0.566826
3324c_2015_1004_01_0037_RGBN -49373.341950 -3709255.159040 5517.976420 0.779666 -0.014916 0.519567
3324c_2015_1004_01_0038_RGBN -47907.694650 -3709244.381700 5518.274900 -0.027580 0.000835 0.772816
3324c_2015_1004_01_0039_RGBN -46443.145460 -3709241.434440 5512.469120 0.190389 0.248155 0.511190
3324c_2015_1004_01_0040_RGBN -44977.337720 -3709241.861520 5500.400370 0.210998 0.495488 0.511229
3324c_2015_1004_01_0041_RGBN -43515.296180 -3709241.841440 5499.997100 0.276218 -0.223578 0.534848
3324c_2015_1004_02_0042_RGBN -96010.884260 -3714304.823610 5479.824860 0.717736 0.107910 0.965850
3324c_2015_1004_02_0043_RGBN -94651.378700 -3714299.847480 5483.522860 -0.988475 -0.367094 1.077557
3324c_2015_1004_02_0044_RGBN -93324.662150 -3714272.879050 5492.937350 0.613814 -0.247131 0.955568
3324c_2015_1004_02_0045_RGBN -92003.313920 -3714260.039760 5485.701670 0.173312 0.366387 0.945826
3324c_2015_1004_02_0046_RGBN -90677.057370 -3714247.055950 5476.891220 0.434052 0.305501 0.983396
3324c_2015_1004_02_0047_RGBN -89355.668840 -3714236.958790 5476.497980 0.063113 -0.031940 1.030882
3324c_2015_1004_02_0048_RGBN -88064.848740 -3714217.593790 5480.424830 0.129527 0.031645 0.996159
3324c_2015_1004_02_0049_RGBN -86795.000190 -3714214.431530 5482.811160 0.616766 0.003079 0.972762
3324c_2015_1004_02_0050_RGBN -85525.497270 -3714207.015930 5481.776620 -0.514963 0.138766 1.019752
3324c_2015_1004_02_0051_RGBN -84255.264750 -3714192.889490 5479.293460 -0.021179 0.033671 1.056185
3324c_2015_1004_02_0052_RGBN -83014.195470 -3714183.054960 5481.604140 0.639542 -0.184151 0.933595
3324c_2015_1004_02_0053_RGBN -81774.277300 -3714174.018520 5484.183510 -1.195768 -0.120119 1.011128
3324c_2015_1004_02_0054_RGBN -80534.340130 -3714140.460160 5484.602200 0.761330 0.029148 0.968798
3324c_2015_1004_02_0055_RGBN -79291.264330 -3714142.231140 5484.388050 1.058086 0.081383 1.011469
3324c_2015_1004_02_0056_RGBN -78051.499060 -3714146.821410 5483.863400 -0.477212 0.090317 0.989822
3324c_2015_1004_02_0057_RGBN -76809.620610 -3714127.369930 5486.463960 -0.287015 0.027922 0.982630
3324c_2015_1004_02_0058_RGBN -75567.083280 -3714118.403800 5485.916950 0.025483 -0.052646 0.986078
3324c_2015_1004_02_0059_RGBN -74325.164860 -3714112.559220 5487.019730 0.857796 -0.011754 0.929755
3324c_2015_1004_02_0060_RGBN -73084.786310 -3714121.235620 5490.261890 -1.132619 -0.025138 1.115981
3324c_2015_1004_02_0061_RGBN -71847.957370 -3714104.387720 5491.787260 0.429031 -0.010391 0.992364
3324c_2015_1004_02_0062_RGBN -70615.005580 -3714099.558500 5492.464630 0.297888 0.050198 1.040961
3324c_2015_1004_02_0063_RGBN -69403.837420 -3714091.675460 5493.254560 -0.213090 0.009052 0.955901
3324c_2015_1004_02_0064_RGBN -68192.276020 -3714089.557270 5493.054750 1.221119 0.040120 1.021643
3324c_2015_1004_02_0065_RGBN -67008.140260 -3714095.555920 5499.043950 -1.214817 -0.086858 0.943647
3324c_2015_1004_02_0066_RGBN -65823.675100 -3714073.236460 5491.849360 -1.273035 0.273149 1.064592
3324c_2015_1004_02_0067_RGBN -64641.229480 -3714035.085280 5488.125250 1.104119 0.145438 0.958480
3324c_2015_1004_02_0068_RGBN -63456.950650 -3714027.071080 5493.404700 0.531835 -0.288048 1.051649
3324c_2015_1004_02_0069_RGBN -62089.119050 -3714022.981420 5493.330390 1.060763 -0.075148 0.979730
3324c_2015_1004_02_0070_RGBN -60722.123880 -3714038.715340 5491.719350 0.181763 0.075965 0.980696
3324c_2015_1004_02_0071_RGBN -59354.766180 -3714028.541860 5491.197900 0.098173 -0.012536 0.935104
3324c_2015_1004_02_0072_RGBN -57986.994220 -3714014.694740 5492.913190 -0.166869 0.016506 0.891033
3324c_2015_1004_02_0073_RGBN -56617.639580 -3714014.513610 5490.315140 1.299406 0.198747 0.805257
3324c_2015_1004_02_0074_RGBN -55249.660420 -3714029.873230 5487.603070 -0.647291 0.081898 0.837903
3324c_2015_1004_02_0075_RGBN -53884.176080 -3714013.385810 5487.956930 -0.805123 -0.060968 0.825741
3324c_2015_1004_02_0076_RGBN -52517.574400 -3713986.336740 5487.773070 0.411872 0.035009 0.789914
3324c_2015_1004_02_0077_RGBN -51150.856910 -3713977.166670 5486.811920 1.185854 0.082292 0.758214
3324c_2015_1004_02_0078_RGBN -49784.305030 -3713982.306490 5485.310390 -0.067621 0.040939 0.765350
3324c_2015_1004_02_0079_RGBN -48421.304330 -3713975.310460 5484.944360 -0.924938 0.005721 0.805977
3324c_2015_1004_02_0080_RGBN -47088.349110 -3713947.621010 5484.681320 0.488246 -0.053655 0.710250
3324c_2015_1004_02_0081_RGBN -45755.329800 -3713943.735810 5497.328300 0.864701 -0.481410 0.657817
3324c_2015_1004_02_0082_RGBN -44421.888190 -3713954.307010 5495.385380 -0.027872 0.213924 0.719098
3324c_2015_1004_02_0083_RGBN -43089.460350 -3713952.781400 5488.262980 0.002841 0.299062 0.628349
3324c_2015_1004_03_0084_RGBN -43313.270580 -3718352.614780 5402.529630 -0.535719 -0.453775 -179.354261
3324c_2015_1004_03_0085_RGBN -44457.540120 -3718366.092170 5398.212530 0.409065 -0.177330 -179.238859
3324c_2015_1004_03_0086_RGBN -45596.511790 -3718373.130450 5401.366640 -0.307129 0.099702 -179.203970
3324c_2015_1004_03_0087_RGBN -46737.954060 -3718374.477580 5405.857940 -0.186000 0.306801 -179.213429
3324c_2015_1004_03_0088_RGBN -47883.386900 -3718364.803690 5409.777540 -0.373855 0.209197 -179.234186
3324c_2015_1004_03_0089_RGBN -49026.871930 -3718359.852460 5405.809970 0.585389 -0.050690 -179.235078
3324c_2015_1004_03_0090_RGBN -50165.463330 -3718362.768910 5399.377070 0.219876 -0.219452 -179.192306
3324c_2015_1004_03_0091_RGBN -51308.816980 -3718370.165740 5396.479400 0.827857 -0.106544 -179.181078
3324c_2015_1004_03_0092_RGBN -52451.643420 -3718385.718910 5395.206730 -0.393016 -0.047065 -179.118204
3324c_2015_1004_03_0093_RGBN -53592.866850 -3718394.443140 5393.540120 -0.113435 -0.096250 -179.201752
3324c_2015_1004_03_0094_RGBN -54735.205850 -3718401.378060 5397.578640 -0.003740 0.165373 -179.204377
3324c_2015_1004_03_0095_RGBN -55877.869400 -3718418.300370 5403.697330 0.305121 0.246870 -179.169243
3324c_2015_1004_03_0096_RGBN -57022.320090 -3718430.459460 5402.129060 -0.699436 -0.031874 -179.171499
3324c_2015_1004_03_0097_RGBN -58161.035540 -3718436.218810 5399.981520 0.067033 -0.066064 -179.202087
3324c_2015_1004_03_0098_RGBN -59302.543840 -3718442.567810 5395.014620 -0.369543 -0.176565 -179.242182
3324c_2015_1004_03_0099_RGBN -60443.086140 -3718444.651810 5390.974670 -0.135700 -0.162959 -179.112313
3324c_2015_1004_03_0100_RGBN -61584.578300 -3718450.716280 5389.153010 0.561262 -0.071967 -179.139517
3324c_2015_1004_03_0101_RGBN -62726.263110 -3718464.804360 5386.079640 0.148375 -0.272720 -179.092283
3324c_2015_1004_03_0102_RGBN -63866.628670 -3718476.637480 5387.058000 -0.514408 0.028976 -179.106678
3324c_2015_1004_03_0103_RGBN -65009.287590 -3718477.450200 5390.373430 -0.477377 0.116133 -179.066669
3324c_2015_1004_03_0104_RGBN -66152.274370 -3718479.597190 5390.632850 0.557422 0.124642 -179.038424
3324c_2015_1004_03_0105_RGBN -67293.305560 -3718494.646050 5391.657880 0.095153 0.126017 -179.056239
3324c_2015_1004_03_0106_RGBN -68435.171550 -3718504.104470 5389.070600 -0.652336 -0.115285 -179.064767
3324c_2015_1004_03_0107_RGBN -69636.329500 -3718508.590850 5386.721230 -0.531696 -0.046584 -179.068361
3324c_2015_1004_03_0108_RGBN -70836.403760 -3718508.793050 5387.451430 0.000598 0.085145 -179.052598
3324c_2015_1004_03_0109_RGBN -72063.601660 -3718510.793320 5392.138560 0.254193 0.193999 -179.033415
3324c_2015_1004_03_0110_RGBN -73292.200120 -3718518.649930 5395.548310 0.024982 0.046957 -178.973761
3324c_2015_1004_03_0111_RGBN -74551.955640 -3718531.810300 5411.195860 -0.031169 0.471687 -178.941660
3324c_2015_1004_03_0112_RGBN -75810.393710 -3718536.327250 5420.691460 -0.525383 0.209687 -179.068889
3324c_2015_1004_03_0113_RGBN -77068.526920 -3718541.517620 5413.747750 0.327714 -0.402858 -178.906420
3324c_2015_1004_03_0114_RGBN -78326.425850 -3718547.504280 5396.331550 -0.593210 -0.834242 -179.010229
3324c_2015_1004_03_0115_RGBN -79582.698890 -3718556.211360 5386.078970 0.362346 -0.364504 -179.038540
3324c_2015_1004_03_0116_RGBN -80840.659000 -3718570.219140 5390.173230 0.002639 0.052471 -178.987752
3324c_2015_1004_03_0117_RGBN -82098.687180 -3718587.955640 5402.178360 0.295520 0.514272 -178.973094
3324c_2015_1004_03_0118_RGBN -83357.969400 -3718606.246760 5407.856580 -0.375195 0.175930 -178.933787
3324c_2015_1004_03_0119_RGBN -84617.529040 -3718620.996350 5408.259530 -0.179443 -0.069998 -178.998782
3324c_2015_1004_03_0120_RGBN -85875.568380 -3718626.796260 5407.884740 -0.521413 0.018057 -179.043291
3324c_2015_1004_03_0121_RGBN -87135.592090 -3718628.771130 5407.161300 0.124499 -0.077119 -179.015512
3324c_2015_1004_03_0122_RGBN -88394.533060 -3718638.790150 5404.176290 -0.027626 -0.211491 -178.983875
3324c_2015_1004_03_0123_RGBN -89653.429970 -3718656.323950 5400.890170 0.672877 -0.204005 -178.844309
3324c_2015_1004_03_0124_RGBN -90914.999940 -3718676.094430 5399.829980 -0.591092 -0.116216 -178.952628
3324c_2015_1004_03_0125_RGBN -92168.697850 -3718691.409120 5400.465240 0.360344 0.072757 -178.927244
3324c_2015_1004_03_0126_RGBN -93430.354450 -3718709.073650 5400.645820 -0.264267 -0.070621 -178.920692
3324c_2015_1004_03_0127_RGBN -94686.939000 -3718719.246200 5401.756700 -0.625678 -0.089045 -179.039502
3324c_2015_1004_03_0128_RGBN -95970.186110 -3718727.938160 5402.771590 -0.508054 -0.083114 -178.951835
3324c_2015_1004_04_0129_RGBN -95919.847460 -3723343.295770 5270.516750 3.089134 -0.207197 0.975285
3324c_2015_1004_04_0130_RGBN -94778.856970 -3723335.687530 5272.666660 -1.519300 -0.085908 1.079690
3324c_2015_1004_04_0131_RGBN -93641.486520 -3723293.929510 5267.696510 1.605137 0.265560 1.018719
3324c_2015_1004_04_0132_RGBN -92503.543950 -3723283.728610 5262.818650 0.601690 0.312444 0.997528
3324c_2015_1004_04_0133_RGBN -91366.725140 -3723269.997820 5251.980420 0.378627 0.464758 1.063094
3324c_2015_1004_04_0134_RGBN -90233.636210 -3723262.413420 5252.218920 1.045223 -0.055321 1.067186
3324c_2015_1004_04_0135_RGBN -89099.187220 -3723279.444340 5258.885030 0.318633 -0.318214 1.046213
3324c_2015_1004_04_0136_RGBN -87966.539140 -3723275.731100 5257.438720 -1.133103 0.025264 1.145692
3324c_2015_1004_04_0137_RGBN -86833.655740 -3723260.969570 5251.095030 0.206745 0.230855 1.078182
3324c_2015_1004_04_0138_RGBN -85700.837170 -3723244.497820 5247.059790 -0.706868 0.089504 1.216045
3324c_2015_1004_04_0139_RGBN -84566.909490 -3723230.279750 5245.241160 2.173377 0.021444 0.988531
3324c_2015_1004_04_0140_RGBN -83432.104750 -3723240.448030 5246.095560 -0.475411 -0.004096 1.091170
3324c_2015_1004_04_0141_RGBN -82114.046320 -3723239.688320 5248.421490 -0.739748 -0.082635 1.073380
3324c_2015_1004_04_0142_RGBN -80846.794280 -3723221.370050 5246.043810 0.379804 0.052364 1.034838
3324c_2015_1004_04_0143_RGBN -79581.415060 -3723215.989520 5242.241930 -0.839646 0.036860 1.058842
3324c_2015_1004_04_0144_RGBN -78315.020190 -3723163.206400 5238.579660 0.982243 0.194833 1.008038
3324c_2015_1004_04_0145_RGBN -77049.471300 -3723159.949190 5241.565830 1.072622 -0.268022 0.920496
3324c_2015_1004_04_0146_RGBN -75784.642140 -3723166.286440 5242.728760 0.414497 -0.121315 1.029474
3324c_2015_1004_04_0147_RGBN -74518.107480 -3723174.021130 5231.357200 0.104166 0.356865 1.011039
3324c_2015_1004_04_0148_RGBN -73252.016950 -3723158.782220 5257.554780 -1.991263 -1.158802 1.036535
3324c_2015_1004_04_0149_RGBN -71986.316100 -3723120.248800 5279.803770 0.663774 -0.896519 0.927463
3324c_2015_1004_04_0150_RGBN -70720.787970 -3723111.334100 5279.069630 1.067538 0.167031 0.900791
3324c_2015_1004_04_0151_RGBN -69455.371690 -3723109.623420 5282.508100 -0.503023 -0.142391 0.987765
3324c_2015_1004_04_0152_RGBN -68188.761240 -3723095.084400 5289.421680 -0.280301 -0.119613 0.983092
3324c_2015_1004_04_0153_RGBN -66920.297890 -3723085.283360 5288.527610 1.518455 0.433123 0.766067
3324c_2015_1004_04_0154_RGBN -65654.484500 -3723096.049070 5290.073550 -0.376267 0.213508 0.830703
3324c_2015_1004_04_0155_RGBN -64388.339520 -3723088.961430 5299.544820 0.291894 -0.160546 0.794033
3324c_2015_1004_04_0156_RGBN -63121.505630 -3723094.480360 5294.394890 0.495740 0.671264 0.890143
3324c_2015_1004_04_0157_RGBN -61858.215640 -3723098.538130 5280.297710 -0.440085 0.553364 0.913169
3324c_2015_1004_04_0158_RGBN -60602.528330 -3723089.478380 5265.327100 -0.075132 0.669947 0.897883
3324c_2015_1004_04_0159_RGBN -59348.003150 -3723080.154240 5249.430400 -0.223931 0.509054 0.884371
3324c_2015_1004_04_0160_RGBN -58099.352740 -3723054.649390 5260.510520 -0.406427 -0.389805 0.809768
3324c_2015_1004_04_0161_RGBN -56851.278220 -3723036.016390 5280.069170 0.491330 -0.638996 0.836831
3324c_2015_1004_04_0162_RGBN -55603.728320 -3723030.803680 5276.968420 1.128319 0.076544 0.852404
3324c_2015_1004_04_0163_RGBN -54361.082310 -3723041.595820 5265.651060 0.617733 0.331288 0.820502
3324c_2015_1004_04_0164_RGBN -53110.762330 -3723031.543540 5258.570610 -0.898740 0.288607 0.740135
3324c_2015_1004_04_0165_RGBN -51866.804630 -3723015.381320 5259.737400 0.462900 -0.040896 0.710117
3324c_2015_1004_04_0166_RGBN -50624.599110 -3723003.020990 5271.114330 0.394248 -0.339608 0.740428
3324c_2015_1004_04_0167_RGBN -49380.900930 -3723006.121510 5278.675100 0.873823 -0.312778 0.686803
3324c_2015_1004_04_0168_RGBN -48136.102940 -3723014.639830 5291.318300 -1.012765 -0.439371 0.768617
3324c_2015_1004_04_0169_RGBN -46891.592520 -3723005.906760 5295.393810 0.073552 0.039808 0.732129
3324c_2015_1004_04_0170_RGBN -45647.426500 -3722993.529880 5286.985610 0.163230 0.410239 0.673206
3324c_2015_1004_04_0171_RGBN -44414.886830 -3722979.573850 5283.525460 -0.270843 0.274849 0.681676
3324c_2015_1004_04_0172_RGBN -43215.658060 -3722962.081020 5286.146890 0.608793 -0.022179 0.619549
3324c_2015_1004_05_0173_RGBN -43125.854350 -3727348.458680 5269.834470 0.837174 -0.293446 -179.016346
3324c_2015_1004_05_0174_RGBN -44437.624470 -3727360.864930 5264.252410 0.294935 -0.354365 -179.029052
3324c_2015_1004_05_0175_RGBN -45747.475230 -3727380.245910 5256.124820 -0.738146 -0.359126 -179.094666
3324c_2015_1004_05_0176_RGBN -47058.913810 -3727382.836700 5253.300970 -0.856452 -0.115574 -179.059290
3324c_2015_1004_05_0177_RGBN -48372.979960 -3727381.318780 5257.636410 -0.219602 0.252209 -179.091743
3324c_2015_1004_05_0178_RGBN -49685.715140 -3727387.229110 5259.851990 0.152001 0.069261 -179.019886
3324c_2015_1004_05_0179_RGBN -51022.657210 -3727395.153110 5259.969620 -0.735358 -0.047035 -179.106600
3324c_2015_1004_05_0180_RGBN -52359.614680 -3727390.785280 5255.161330 0.018678 -0.080002 -179.005797
3324c_2015_1004_05_0181_RGBN -53728.559010 -3727400.772180 5252.130420 -0.080256 -0.099256 -179.173220
3324c_2015_1004_05_0182_RGBN -55094.504480 -3727407.037480 5258.307930 -0.349216 0.298484 -179.086702
3324c_2015_1004_05_0183_RGBN -56504.331350 -3727414.307040 5261.921600 0.597638 0.087901 -179.027730
3324c_2015_1004_05_0184_RGBN -57710.435280 -3727433.893020 5256.764790 0.269761 -0.281937 -179.027883
3324c_2015_1004_05_0185_RGBN -58915.533550 -3727450.470540 5252.008530 -0.319918 -0.197152 -179.024913
3324c_2015_1004_05_0186_RGBN -60121.065870 -3727446.575740 5258.040250 -1.526022 0.304121 -179.144017
3324c_2015_1004_05_0187_RGBN -61329.597590 -3727436.505590 5264.361330 0.843009 0.340832 -178.985114
3324c_2015_1004_05_0188_RGBN -62533.745070 -3727446.602020 5262.591380 0.251072 -0.068257 -179.029883
3324c_2015_1004_05_0189_RGBN -63739.118900 -3727458.837150 5256.665550 0.235004 -0.162486 -178.911060
3324c_2015_1004_05_0190_RGBN -64945.063690 -3727483.517890 5254.440490 0.440992 -0.076108 -178.992228
3324c_2015_1004_05_0191_RGBN -66149.983830 -3727509.700730 5253.117630 -0.961212 -0.168634 -179.022668
3324c_2015_1004_05_0192_RGBN -67356.838850 -3727510.046480 5252.503650 -0.455332 -0.100463 -178.899691
3324c_2015_1004_05_0193_RGBN -68566.995730 -3727512.706760 5248.529290 -0.046323 -0.278149 -178.939593
3324c_2015_1004_05_0194_RGBN -69767.411800 -3727524.982540 5237.085890 1.262983 -0.403388 -178.887403
3324c_2015_1004_05_0195_RGBN -70970.860830 -3727562.675720 5232.927150 -0.275950 -0.147232 -178.980878
3324c_2015_1004_05_0196_RGBN -72174.218920 -3727581.498880 5234.631510 -1.808947 0.064533 -178.993961
3324c_2015_1004_05_0197_RGBN -73381.573260 -3727574.895430 5239.376770 -1.227949 0.263677 -179.085662
3324c_2015_1004_05_0198_RGBN -74583.465110 -3727564.734900 5243.256830 0.807692 0.232404 -178.917118
3324c_2015_1004_05_0199_RGBN -75791.244950 -3727576.592060 5236.438550 0.231000 -0.284563 -178.883626
3324c_2015_1004_05_0200_RGBN -76995.708020 -3727575.637350 5224.236600 -0.964738 -0.398768 -178.983296
3324c_2015_1004_05_0201_RGBN -78198.491320 -3727591.411810 5228.106420 2.080541 0.369490 -178.951217
3324c_2015_1004_05_0202_RGBN -79402.466910 -3727626.251410 5236.917280 -1.035098 0.387666 -178.933543
3324c_2015_1004_05_0203_RGBN -80610.953790 -3727626.913310 5237.198630 -1.213424 -0.040651 -178.915138
3324c_2015_1004_05_0204_RGBN -81817.792100 -3727626.187810 5228.009340 0.247722 -0.398655 -178.845100
3324c_2015_1004_05_0205_RGBN -83042.294650 -3727625.109830 5225.369360 -0.083360 -0.025011 -178.838305
3324c_2015_1004_05_0206_RGBN -84101.207740 -3727635.459400 5229.613380 0.798607 0.312319 -178.675623
3324c_2015_1004_05_0207_RGBN -85159.011870 -3727650.742880 5231.162500 -1.502497 0.042264 -178.902390
3324c_2015_1004_05_0208_RGBN -86216.417300 -3727640.489800 5237.365280 -1.378080 0.321474 -178.938007
3324c_2015_1004_05_0209_RGBN -87275.122420 -3727637.251500 5239.613200 1.264492 0.157652 -178.646071
3324c_2015_1004_05_0210_RGBN -88333.297730 -3727653.630810 5238.437780 0.610317 -0.010476 -178.678410
3324c_2015_1004_05_0211_RGBN -89391.044900 -3727675.354470 5236.401320 -0.040498 -0.093433 -178.769183
3324c_2015_1004_05_0212_RGBN -90449.789210 -3727688.510510 5233.533660 -1.004074 -0.222495 -178.735167
3324c_2015_1004_05_0213_RGBN -91508.108100 -3727702.436290 5229.732530 1.184144 -0.195199 -178.836298
3324c_2015_1004_05_0214_RGBN -92566.342950 -3727720.431870 5224.625160 -0.947768 -0.346931 -178.792218
3324c_2015_1004_05_0215_RGBN -93628.622030 -3727729.661730 5223.706400 -0.284808 -0.067337 -178.727625
3324c_2015_1004_05_0216_RGBN -94745.971140 -3727740.755820 5227.722210 -0.376206 0.159064 -178.864743
3324c_2015_1004_05_0217_RGBN -95878.982160 -3727740.720090 5230.721490 -0.421160 0.157926 -178.757119
3324c_2015_1004_06_0218_RGBN -95837.825470 -3731927.255820 5240.810710 -0.126572 -0.273544 1.134227
3324c_2015_1004_06_0219_RGBN -94678.985100 -3731897.988140 5244.144950 -0.407367 -0.121338 1.181910
3324c_2015_1004_06_0220_RGBN -93567.241310 -3731875.130320 5244.663340 1.511988 -0.031734 1.065173
3324c_2015_1004_06_0221_RGBN -92512.380250 -3731875.227650 5243.315460 0.800779 0.022430 1.091235
3324c_2015_1004_06_0222_RGBN -91465.733250 -3731871.808360 5236.831620 0.710845 0.178524 1.075305
3324c_2015_1004_06_0223_RGBN -90416.955040 -3731872.648360 5227.884160 -0.976333 0.133159 1.254797
3324c_2015_1004_06_0224_RGBN -89368.106060 -3731851.346520 5227.179050 0.039193 -0.219046 1.111133
3324c_2015_1004_06_0225_RGBN -88319.998800 -3731834.386210 5230.393190 0.513102 -0.216191 1.105527
3324c_2015_1004_06_0226_RGBN -87270.214340 -3731828.148620 5225.393850 0.106752 0.160575 1.116423
3324c_2015_1004_06_0227_RGBN -86221.046610 -3731820.876780 5227.162100 0.096506 -0.234814 1.118154
3324c_2015_1004_06_0228_RGBN -85172.108580 -3731815.030350 5238.510620 0.460511 -0.469192 1.026797
3324c_2015_1004_06_0229_RGBN -84123.168020 -3731811.839930 5245.019860 -0.046368 -0.309858 1.020474
3324c_2015_1004_06_0230_RGBN -83074.436940 -3731800.637070 5242.885860 0.139722 0.204533 1.009697
3324c_2015_1004_06_0231_RGBN -81841.667020 -3731786.093920 5236.767610 -0.230612 0.403022 0.989540
3324c_2015_1004_06_0232_RGBN -80633.184130 -3731767.956760 5225.729640 0.184385 0.475818 0.998668
3324c_2015_1004_06_0233_RGBN -79423.953710 -3731751.408300 5243.934440 -0.078013 -0.626269 1.060357
3324c_2015_1004_06_0234_RGBN -78213.339780 -3731740.572910 5245.408870 0.497301 0.200921 0.966809
3324c_2015_1004_06_0235_RGBN -77005.932270 -3731732.359510 5237.924330 -0.290041 0.166419 0.991250
3324c_2015_1004_06_0236_RGBN -75797.048170 -3731727.372630 5235.550440 1.355390 0.055214 0.882954
3324c_2015_1004_06_0237_RGBN -74589.990970 -3731745.953570 5235.881730 -0.896135 -0.144810 0.960600
3324c_2015_1004_06_0238_RGBN -73382.717300 -3731734.886500 5238.386640 -0.306928 0.074866 0.957505
3324c_2015_1004_06_0239_RGBN -72175.516930 -3731717.350600 5236.593090 -0.210324 0.177857 0.926589
3324c_2015_1004_06_0240_RGBN -70970.346010 -3731696.159460 5239.421310 -0.015325 -0.041397 0.938995
3324c_2015_1004_06_0241_RGBN -69763.581240 -3731679.778890 5245.208500 0.144421 -0.199685 0.832320
3324c_2015_1004_06_0242_RGBN -68557.233500 -3731668.345980 5248.574500 0.357830 -0.017295 0.948853
3324c_2015_1004_06_0243_RGBN -67349.879900 -3731664.045080 5240.379020 0.643577 0.367074 0.798618
3324c_2015_1004_06_0244_RGBN -66137.326650 -3731663.558030 5235.703390 0.237123 0.231411 0.801053
3324c_2015_1004_06_0245_RGBN -64933.040480 -3731669.936640 5238.798050 0.276156 0.207775 0.885452
3324c_2015_1004_06_0246_RGBN -63724.650810 -3731658.911190 5237.426070 -1.284961 0.087104 0.816556
3324c_2015_1004_06_0247_RGBN -62516.147360 -3731631.677090 5240.348130 -0.341142 -0.126298 0.772362
3324c_2015_1004_06_0248_RGBN -61306.760270 -3731611.463850 5245.340390 0.746306 -0.217381 0.790618
3324c_2015_1004_06_0249_RGBN -60096.760620 -3731603.713480 5244.630540 0.346687 -0.063966 0.741910
3324c_2015_1004_06_0250_RGBN -58887.953680 -3731596.352660 5236.242550 -0.241779 0.251791 0.790528
3324c_2015_1004_06_0251_RGBN -57682.680230 -3731579.571710 5229.213110 -0.516385 0.227294 0.670007
3324c_2015_1004_06_0252_RGBN -56473.428240 -3731563.407150 5235.752620 1.090853 -0.325319 0.689838
3324c_2015_1004_06_0253_RGBN -55081.772800 -3731564.361620 5243.466180 0.919683 -0.414578 0.720681
3324c_2015_1004_06_0254_RGBN -53722.736100 -3731570.572890 5250.479150 -0.102952 -0.241350 0.683978
3324c_2015_1004_06_0255_RGBN -52369.868700 -3731562.883150 5252.553240 -0.075896 0.127022 0.720452
3324c_2015_1004_06_0256_RGBN -51027.491560 -3731554.939780 5259.116000 0.120587 -0.082177 0.774469
3324c_2015_1004_06_0257_RGBN -49685.774960 -3731536.750130 5255.114510 -1.436615 0.064208 0.849230
3324c_2015_1004_06_0258_RGBN -48350.479110 -3731491.852130 5256.877650 1.627480 -0.185308 0.732619
3324c_2015_1004_06_0259_RGBN -47018.865070 -3731500.073650 5272.073000 1.303262 -0.532075 0.765928
3324c_2015_1004_06_0260_RGBN -45686.640140 -3731516.129090 5248.671390 0.562921 0.507809 0.709625
3324c_2015_1004_06_0261_RGBN -44363.848460 -3731522.895150 5242.747750 -0.609205 0.046910 0.736759
3324c_2015_1004_06_0262_RGBN -43041.775690 -3731514.426300 5245.140290 0.254202 -0.025769 0.619155
3324c_2015_1004_07_0263_RGBN -43771.500890 -3735990.349430 5304.932000 -0.918581 -0.572200 -179.290489
3324c_2015_1004_07_0264_RGBN -45066.316140 -3735971.953890 5296.408580 1.239860 -0.543541 -179.268858
3324c_2015_1004_07_0265_RGBN -46357.626570 -3735969.755830 5286.788450 0.397083 -0.357652 -179.259678
3324c_2015_1004_07_0266_RGBN -47649.851370 -3735961.597070 5289.962510 -0.112574 0.056218 -179.242871
3324c_2015_1004_07_0267_RGBN -48944.330180 -3735974.727360 5283.355490 0.352110 -0.556429 -179.165203
3324c_2015_1004_07_0268_RGBN -50236.170480 -3735988.177460 5277.863140 -0.086319 -0.366144 -179.088411
3324c_2015_1004_07_0269_RGBN -51531.980110 -3735997.519700 5277.710060 -0.723151 -0.165210 -179.069577
3324c_2015_1004_07_0270_RGBN -52825.216820 -3735990.903970 5283.649560 -0.182366 0.240164 -179.057633
3324c_2015_1004_07_0271_RGBN -54123.927240 -3735997.841590 5278.149440 -0.359142 -0.138131 -179.024925
3324c_2015_1004_07_0272_RGBN -55420.379360 -3735989.703970 5285.302430 -0.386879 0.497738 -179.121228
3324c_2015_1004_07_0273_RGBN -56715.673860 -3735995.630100 5288.090190 1.150960 0.214583 -179.078890
3324c_2015_1004_07_0274_RGBN -58011.093980 -3736015.533880 5286.668500 -0.563025 0.194167 -179.196165
3324c_2015_1004_07_0275_RGBN -59306.257900 -3736017.751300 5289.780760 -0.560947 0.310241 -179.183211
3324c_2015_1004_07_0276_RGBN -60601.911850 -3736021.706510 5286.774270 0.546750 -0.086367 -179.079038
3324c_2015_1004_07_0277_RGBN -61897.407350 -3736045.452280 5285.910850 0.459746 -0.010448 -178.987344
3324c_2015_1004_07_0278_RGBN -63192.910040 -3736063.640490 5286.868650 -0.826170 0.120120 -179.141646
3324c_2015_1004_07_0279_RGBN -64489.283620 -3736064.779480 5280.685720 -0.522432 -0.034848 -179.103301
3324c_2015_1004_07_0280_RGBN -65786.824140 -3736060.483340 5278.101810 0.598146 -0.077620 -179.137308
3324c_2015_1004_07_0281_RGBN -67083.698210 -3736081.258730 5272.547390 0.207427 -0.114684 -179.052218
3324c_2015_1004_07_0282_RGBN -68382.154110 -3736094.961770 5273.985650 -0.683308 0.500684 -179.122508
3324c_2015_1004_07_0283_RGBN -69682.682850 -3736099.287540 5282.387780 0.063034 0.388478 -179.077017
3324c_2015_1004_07_0284_RGBN -70998.598120 -3736106.471040 5270.826330 -0.337819 -0.302082 -179.051877
3324c_2015_1004_07_0285_RGBN -72136.341950 -3736111.420830 5281.833090 -0.463420 0.706522 -179.018526
3324c_2015_1004_07_0286_RGBN -73275.262130 -3736119.653990 5292.164370 0.813705 0.402463 -179.031552
3324c_2015_1004_07_0287_RGBN -74416.627140 -3736143.009460 5284.145990 -0.247179 -0.303399 -179.073668
3324c_2015_1004_07_0288_RGBN -75555.024160 -3736148.967630 5277.813580 -0.763970 -0.180270 -179.027664
3324c_2015_1004_07_0289_RGBN -76694.390880 -3736148.519380 5270.558060 -0.192916 -0.326855 -178.986954
3324c_2015_1004_07_0290_RGBN -77833.428060 -3736149.291360 5270.312060 0.426127 -0.044184 -178.934098
3324c_2015_1004_07_0291_RGBN -78972.208070 -3736151.917840 5273.740090 -0.396347 0.038569 -179.068647
3324c_2015_1004_07_0292_RGBN -80111.332040 -3736156.839250 5274.372980 0.084236 0.010495 -178.983494
3324c_2015_1004_07_0293_RGBN -81249.965690 -3736174.481930 5271.870380 0.687737 -0.036824 -178.912834
3324c_2015_1004_07_0294_RGBN -82389.022730 -3736200.625240 5271.365570 -0.734995 0.022676 -178.993381
3324c_2015_1004_07_0295_RGBN -83527.395470 -3736213.406220 5269.486810 -0.060697 -0.059055 -179.020449
3324c_2015_1004_07_0296_RGBN -84666.263610 -3736220.064290 5269.027320 -1.354806 -0.093178 -178.978869
3324c_2015_1004_07_0297_RGBN -85805.687560 -3736209.412510 5271.558340 0.330860 -0.033752 -178.832913
3324c_2015_1004_07_0298_RGBN -86944.591250 -3736216.807960 5275.799540 -0.229136 0.098962 -178.932852
3324c_2015_1004_07_0299_RGBN -88135.871040 -3736231.542520 5273.093020 0.806059 -0.179068 -178.875502
3324c_2015_1004_07_0300_RGBN -89329.924110 -3736256.740240 5267.069560 -0.767850 -0.222400 -178.973356
3324c_2015_1004_07_0301_RGBN -90594.930530 -3736266.642690 5268.209260 -0.445005 0.165928 -179.044258
3324c_2015_1004_07_0302_RGBN -91878.300870 -3736268.117530 5272.267550 -0.028332 0.132560 -178.952733
3324c_2015_1004_07_0303_RGBN -93183.479250 -3736280.351830 5263.554510 0.864982 -0.282344 -178.800151
3324c_2015_1004_07_0304_RGBN -94486.464540 -3736309.712390 5266.531990 -0.074492 0.062994 -178.835124
3324c_2015_1004_07_0305_RGBN -95794.987080 -3736330.388670 5259.258170 -0.523421 -0.222528 -178.879696
3324c_2015_1004_08_0306_RGBN -95745.195630 -3741206.995000 5318.721580 -0.057651 0.218864 1.094891
3324c_2015_1004_08_0307_RGBN -94369.048360 -3741181.283150 5315.101020 -0.024343 0.410252 0.993705
3324c_2015_1004_08_0308_RGBN -92995.371910 -3741167.993250 5309.522340 0.174117 0.328199 1.011018
3324c_2015_1004_08_0309_RGBN -91617.447700 -3741150.870790 5297.152340 -0.157284 0.614478 1.078281
3324c_2015_1004_08_0310_RGBN -90246.362710 -3741140.258690 5298.709090 -0.148578 -0.126146 1.083721
3324c_2015_1004_08_0311_RGBN -88868.732670 -3741106.503400 5299.411350 -0.022402 0.149308 1.094702
3324c_2015_1004_08_0312_RGBN -87492.904420 -3741078.426620 5303.038960 0.453083 -0.037027 1.074494
3324c_2015_1004_08_0313_RGBN -86121.581970 -3741055.832850 5307.878220 -0.077441 -0.140634 1.008926
3324c_2015_1004_08_0314_RGBN -84754.055510 -3741032.118320 5313.204660 0.617112 0.052617 1.019766
3324c_2015_1004_08_0315_RGBN -83385.212500 -3741029.639210 5322.433980 0.770927 -0.032595 0.963940
3324c_2015_1004_08_0316_RGBN -82021.393380 -3741028.039870 5325.871470 -0.540145 0.061703 0.977608
3324c_2015_1004_08_0317_RGBN -80651.823360 -3741013.319220 5316.334090 0.253021 0.430469 0.997343
3324c_2015_1004_08_0318_RGBN -79286.749600 -3741008.451620 5298.700440 0.345665 0.542233 0.903427
3324c_2015_1004_08_0319_RGBN -77919.618930 -3741011.273360 5305.576970 0.047355 -0.378360 0.974830
3324c_2015_1004_08_0320_RGBN -76553.610720 -3741012.790990 5324.196410 -0.586774 -0.799865 0.949742
3324c_2015_1004_08_0321_RGBN -75188.968210 -3740989.841870 5332.585280 -0.093155 0.092052 0.942596
3324c_2015_1004_08_0322_RGBN -73823.774530 -3740965.375270 5321.924620 0.294890 0.657953 0.925514
3324c_2015_1004_08_0323_RGBN -72458.533670 -3740953.504170 5318.183910 0.150998 0.006624 0.990881
3324c_2015_1004_08_0324_RGBN -71093.476790 -3740942.572570 5332.547000 0.115912 -0.494815 1.025751
3324c_2015_1004_08_0325_RGBN -69728.690910 -3740930.660420 5334.152520 0.585835 0.082889 0.898249
3324c_2015_1004_08_0326_RGBN -68362.437130 -3740919.520250 5329.114140 -0.738675 0.042448 0.961911
3324c_2015_1004_08_0327_RGBN -66997.471050 -3740903.719150 5330.877340 0.474750 -0.189858 0.958170
3324c_2015_1004_08_0328_RGBN -65630.429120 -3740901.642950 5331.111730 0.418215 0.071216 0.853516
3324c_2015_1004_08_0329_RGBN -64265.690770 -3740893.308570 5323.884800 -0.979307 0.223073 0.949738
3324c_2015_1004_08_0330_RGBN -62903.248350 -3740874.714050 5322.156870 1.291696 -0.009015 0.888570
3324c_2015_1004_08_0331_RGBN -61585.774340 -3740878.653870 5317.328640 0.235801 0.255308 0.913492
3324c_2015_1004_08_0332_RGBN -60273.346190 -3740880.295170 5305.936220 0.070510 0.283406 0.954858
3324c_2015_1004_08_0333_RGBN -58958.216820 -3740864.002590 5323.247950 -0.278762 -0.707461 0.902162
3324c_2015_1004_08_0334_RGBN -57641.817410 -3740861.517930 5323.938080 0.771171 0.023429 0.743867
3324c_2015_1004_08_0335_RGBN -56327.345010 -3740854.286420 5316.659630 -0.698057 0.210090 0.805221
3324c_2015_1004_08_0336_RGBN -55013.304160 -3740841.380960 5314.629590 0.392454 -0.049491 0.738658
3324c_2015_1004_08_0337_RGBN -53698.750960 -3740840.782610 5314.564710 1.153614 0.058717 0.711700
3324c_2015_1004_08_0338_RGBN -52385.083380 -3740834.078240 5314.064140 -0.303822 0.213300 0.922439
3324c_2015_1004_08_0339_RGBN -51071.206550 -3740827.293920 5296.695450 0.246992 0.632519 0.734370
3324c_2015_1004_08_0340_RGBN -49757.026690 -3740815.977710 5301.133000 -0.547482 -0.265911 0.733483
3324c_2015_1004_08_0341_RGBN -48442.670640 -3740804.781820 5306.713610 0.708541 -0.002105 0.701960
3324c_2015_1004_08_0342_RGBN -47126.866700 -3740807.180950 5306.295250 -0.580751 0.005822 0.697831
3324c_2015_1004_08_0343_RGBN -45810.189440 -3740796.494290 5310.363730 0.512028 -0.106101 0.670453
3324c_2015_1004_08_0344_RGBN -44495.242950 -3740796.868100 5307.739630 -0.132366 -0.057496 0.704151
3324c_2015_1004_08_0345_RGBN -43176.723580 -3740789.836610 5316.499340 0.384399 -0.545233 0.690388
3324c_2015_1004_09_0346_RGBN -95576.110410 -3746115.660410 5345.271490 1.017294 -0.392662 1.326546
3324c_2015_1004_09_0347_RGBN -94177.137400 -3746097.029970 5348.906030 -0.138274 0.218402 1.137446
3324c_2015_1004_09_0348_RGBN -92780.186480 -3746090.128760 5352.865250 -0.109613 0.248861 1.278001
3324c_2015_1004_09_0349_RGBN -91384.359460 -3746081.463980 5354.340580 0.259522 0.310056 1.218089
3324c_2015_1004_09_0350_RGBN -89995.876280 -3746090.287960 5349.399140 -0.853661 0.441237 1.238357
3324c_2015_1004_09_0351_RGBN -88631.670320 -3746069.975510 5334.111400 0.057114 0.592408 1.110715
3324c_2015_1004_09_0352_RGBN -87267.908110 -3746069.937750 5331.398430 0.861471 0.071447 1.046795
3324c_2015_1004_09_0353_RGBN -85929.616350 -3746070.250980 5330.017430 -0.757399 0.104351 1.141002
3324c_2015_1004_09_0354_RGBN -84585.300570 -3746061.201080 5328.861420 0.638468 0.091195 1.115741
3324c_2015_1004_09_0355_RGBN -83263.425620 -3746048.300750 5325.555570 0.503202 0.145438 1.117627
3324c_2015_1004_09_0356_RGBN -81939.147870 -3746044.031990 5318.341440 0.299466 0.144092 1.081855
3324c_2015_1004_09_0357_RGBN -80620.814070 -3746036.937990 5341.882410 -0.549047 -0.800215 1.093911
3324c_2015_1004_09_0358_RGBN -79298.820260 -3746028.809530 5358.102500 1.216168 -0.397623 1.067945
3324c_2015_1004_09_0359_RGBN -77976.661990 -3746025.549830 5370.091140 -1.695354 -0.137992 1.178470
3324c_2015_1004_09_0360_RGBN -76656.101900 -3746010.323750 5365.362400 0.525915 0.323760 1.113403
3324c_2015_1004_09_0361_RGBN -75336.473070 -3745989.157510 5353.021210 -0.414147 0.797452 1.096794
3324c_2015_1004_09_0362_RGBN -74015.376340 -3745962.094980 5349.053620 0.432438 0.355245 1.029411
3324c_2015_1004_09_0363_RGBN -72692.612110 -3745945.915410 5348.630230 0.883007 0.210090 1.035497
3324c_2015_1004_09_0364_RGBN -71369.764090 -3745933.817550 5351.518030 -0.379044 0.002287 1.017825
3324c_2015_1004_09_0365_RGBN -70046.262130 -3745938.702210 5356.449660 1.256435 -0.160108 0.931751
3324c_2015_1004_09_0366_RGBN -68721.345800 -3745938.283420 5351.827090 -0.456006 0.300915 0.940679
3324c_2015_1004_09_0367_RGBN -67396.050370 -3745924.454300 5345.859510 -0.119030 0.360396 0.917179
3324c_2015_1004_09_0368_RGBN -66072.463310 -3745925.019190 5353.830920 0.919403 -0.064816 0.932780
3324c_2015_1004_09_0369_RGBN -64750.833060 -3745924.060980 5360.650920 -0.662724 0.046061 1.034930
3324c_2015_1004_09_0370_RGBN -63430.264020 -3745905.226060 5354.347410 0.000018 0.442817 0.915484
3324c_2015_1004_09_0371_RGBN -62108.864490 -3745888.998790 5344.711460 0.029173 0.303788 0.898747
3324c_2015_1004_09_0372_RGBN -60788.679460 -3745872.715210 5355.904480 2.165545 -0.369336 0.836206
3324c_2015_1004_09_0373_RGBN -59467.670480 -3745881.767700 5365.142030 -0.213138 -0.179212 0.795558
3324c_2015_1004_09_0374_RGBN -58145.942220 -3745869.815910 5369.753800 -0.291529 -0.088242 0.873582
3324c_2015_1004_09_0375_RGBN -56822.527580 -3745861.444240 5361.202290 -0.101344 0.454849 0.880134
3324c_2015_1004_09_0376_RGBN -55499.035490 -3745850.282260 5359.606550 0.542900 0.152240 0.750376
3324c_2015_1004_09_0377_RGBN -54175.398650 -3745852.747180 5358.148480 0.778482 0.184596 0.898081
3324c_2015_1004_09_0378_RGBN -52851.008320 -3745848.008500 5366.687830 -1.356481 -0.148342 0.881668
3324c_2015_1004_09_0379_RGBN -51527.285160 -3745828.412760 5372.419030 1.364300 -0.168648 0.796579
3324c_2015_1004_09_0380_RGBN -50204.085790 -3745824.314540 5369.406850 -1.275831 0.229121 0.846118
3324c_2015_1004_09_0381_RGBN -48881.651800 -3745807.005740 5357.876440 0.661146 0.329173 0.746008
3324c_2015_1004_09_0382_RGBN -47559.668820 -3745805.983030 5352.255160 0.426473 0.277392 0.739831
3324c_2015_1004_09_0383_RGBN -46238.307310 -3745812.929070 5358.722830 0.871019 -0.297443 0.633961
3324c_2015_1004_09_0384_RGBN -44917.014830 -3745810.696920 5366.638990 -1.215885 -0.033349 0.815618
3324c_2015_1004_09_0385_RGBN -43593.947990 -3745797.265850 5359.010590 0.112010 0.268175 0.758185
3324c_2015_1004_10_0386_RGBN -43241.787650 -3750777.388040 5349.081920 -0.419887 -0.636049 -179.384471
3324c_2015_1004_10_0387_RGBN -44629.922820 -3750789.296790 5344.813750 -0.374128 -0.036258 -179.419277
3324c_2015_1004_10_0388_RGBN -46020.008050 -3750791.151660 5357.251970 0.169570 0.563809 -179.356039
3324c_2015_1004_10_0389_RGBN -47407.946980 -3750798.529100 5365.530690 0.030853 0.221304 -179.374353
3324c_2015_1004_10_0390_RGBN -48796.252190 -3750812.959510 5357.438010 0.699879 -0.165569 -179.355123
3324c_2015_1004_10_0391_RGBN -50196.365960 -3750828.268250 5353.107450 -0.989046 -0.105693 -179.349205
3324c_2015_1004_10_0392_RGBN -51594.335480 -3750811.614290 5361.094420 -0.729561 0.236052 -179.333212
3324c_2015_1004_10_0393_RGBN -52991.496280 -3750806.153000 5366.441280 0.647593 0.154359 -179.378831
3324c_2015_1004_10_0394_RGBN -54389.844190 -3750817.684130 5364.724140 -0.255859 -0.089321 -179.323217
3324c_2015_1004_10_0395_RGBN -55788.491410 -3750829.744000 5367.373820 0.351182 0.039254 -179.347666
3324c_2015_1004_10_0396_RGBN -57187.256330 -3750853.172620 5364.006410 0.051856 -0.187366 -179.202628
3324c_2015_1004_10_0397_RGBN -58586.662020 -3750859.857450 5358.093290 -0.280833 -0.249915 -179.165301
3324c_2015_1004_10_0398_RGBN -59985.922320 -3750865.613650 5355.954430 0.422050 -0.199900 -179.274424
3324c_2015_1004_10_0399_RGBN -61383.278730 -3750888.390440 5350.583430 -0.187639 -0.115983 -179.251019
3324c_2015_1004_10_0400_RGBN -62781.790520 -3750896.099160 5354.617050 -0.898490 0.245275 -179.269184
3324c_2015_1004_10_0401_RGBN -64178.710580 -3750900.755260 5351.701840 0.517662 -0.161549 -179.290845
3324c_2015_1004_10_0402_RGBN -65574.933610 -3750917.594770 5344.401080 -0.270194 -0.236666 -179.289446
3324c_2015_1004_10_0403_RGBN -66974.720270 -3750918.877510 5339.661640 -0.956940 -0.168027 -179.298971
3324c_2015_1004_10_0404_RGBN -68375.048590 -3750912.741180 5331.660560 1.393071 -0.360074 -179.154133
3324c_2015_1004_10_0405_RGBN -69773.103370 -3750933.160730 5343.205140 0.002425 0.429748 -179.124076
3324c_2015_1004_10_0406_RGBN -71181.857300 -3750953.712360 5343.625890 0.054483 -0.027803 -179.090349
3324c_2015_1004_10_0407_RGBN -72405.087610 -3750959.668700 5344.277560 -1.267232 -0.038929 -179.126843
3324c_2015_1004_10_0408_RGBN -73630.814090 -3750966.436810 5339.724880 0.893008 -0.274361 -178.961384
3324c_2015_1004_10_0409_RGBN -74854.137990 -3750984.860340 5333.425120 -0.097225 -0.305912 -179.061649
3324c_2015_1004_10_0410_RGBN -76076.954030 -3750995.090140 5332.406640 -0.344538 -0.092836 -179.007075
3324c_2015_1004_10_0411_RGBN -77299.211860 -3751012.355790 5335.829350 0.464279 0.119777 -179.017431
3324c_2015_1004_10_0412_RGBN -78523.353160 -3751023.623900 5335.122600 -1.247670 -0.089980 -179.076993
3324c_2015_1004_10_0413_RGBN -79745.158170 -3751007.774710 5339.829600 -0.371882 0.200563 -179.004513
3324c_2015_1004_10_0414_RGBN -80967.470160 -3751023.738470 5347.166850 0.744411 0.211160 -179.062974
3324c_2015_1004_10_0415_RGBN -82191.133160 -3751045.546690 5349.924630 -0.273686 -0.028354 -178.912712
3324c_2015_1004_10_0416_RGBN -83415.212410 -3751058.139180 5346.279540 -1.689157 -0.381106 -178.991898
3324c_2015_1004_10_0417_RGBN -84638.581510 -3751045.115700 5346.353270 0.296581 -0.136180 -178.953817
3324c_2015_1004_10_0418_RGBN -85862.106050 -3751051.068900 5353.911590 0.638840 0.048536 -179.011656
3324c_2015_1004_10_0419_RGBN -87084.546410 -3751059.077350 5356.072650 -0.105129 -0.190539 -178.953171
3324c_2015_1004_10_0420_RGBN -88308.333000 -3751067.507680 5354.706820 -0.265964 -0.255378 -179.099946
3324c_2015_1004_10_0421_RGBN -89536.723640 -3751080.419580 5351.560410 0.848811 -0.235029 -178.951939
3324c_2015_1004_10_0422_RGBN -90756.678200 -3751104.685130 5351.806260 0.300772 -0.029887 -178.987891
3324c_2015_1004_10_0423_RGBN -91977.771030 -3751127.832520 5354.073820 -0.289730 -0.148534 -178.916333
3324c_2015_1004_10_0424_RGBN -93206.503750 -3751148.244320 5353.836850 -0.236161 -0.227101 -178.947079
3324c_2015_1004_10_0425_RGBN -94431.368020 -3751160.175620 5354.231840 -1.329206 -0.121919 -178.925421
3324c_2015_1004_10_0426_RGBN -95650.496260 -3751162.594060 5355.016330 0.642362 -0.141843 -178.922904
3324c_2015_1004_11_0427_RGBN -43452.344150 -3755566.733800 5315.927660 -0.047161 -0.176181 -179.275047
3324c_2015_1004_11_0428_RGBN -44798.341170 -3755560.617610 5314.401360 0.092206 -0.062742 -179.195174
3324c_2015_1004_11_0429_RGBN -46143.454630 -3755564.747280 5295.012280 0.293464 -0.474117 -179.117553
3324c_2015_1004_11_0430_RGBN -47488.919760 -3755579.087620 5293.830320 -0.207726 0.244436 -179.242020
3324c_2015_1004_11_0431_RGBN -48835.602150 -3755572.366590 5312.142530 -0.433657 0.736425 -179.231880
3324c_2015_1004_11_0432_RGBN -50180.296040 -3755581.597070 5318.214870 0.877853 0.143413 -179.288953
3324c_2015_1004_11_0433_RGBN -51526.668900 -3755601.422050 5309.039870 -0.576817 -0.354696 -179.237562
3324c_2015_1004_11_0434_RGBN -52873.424750 -3755603.868430 5301.780040 -0.664878 -0.147456 -179.289434
3324c_2015_1004_11_0435_RGBN -54220.128460 -3755603.209270 5300.318220 0.407894 -0.095209 -179.249695
3324c_2015_1004_11_0436_RGBN -55568.281150 -3755622.945110 5292.474100 1.088866 -0.424294 -179.230318
3324c_2015_1004_11_0437_RGBN -56913.869550 -3755650.249860 5298.553230 -1.024622 0.361556 -179.238961
3324c_2015_1004_11_0438_RGBN -58262.015730 -3755653.679300 5297.864130 -0.425140 0.050939 -179.211712
3324c_2015_1004_11_0439_RGBN -59609.347970 -3755653.355520 5308.531240 0.136943 0.437065 -179.115893
3324c_2015_1004_11_0440_RGBN -60956.961160 -3755658.620550 5312.037960 -0.276655 0.092005 -179.208531
3324c_2015_1004_11_0441_RGBN -62303.880390 -3755661.800280 5313.068540 0.360242 -0.015185 -179.211161
3324c_2015_1004_11_0442_RGBN -63650.523400 -3755677.810820 5310.664340 -0.125942 -0.089753 -179.271671
3324c_2015_1004_11_0443_RGBN -64999.174430 -3755682.408740 5313.366270 -0.459739 0.224848 -179.208978
3324c_2015_1004_11_0444_RGBN -66345.508910 -3755688.826370 5298.121510 0.898209 -0.473386 -179.059678
3324c_2015_1004_11_0445_RGBN -67689.724790 -3755706.447650 5291.572940 -1.211435 0.012283 -179.155669
3324c_2015_1004_11_0446_RGBN -69039.293650 -3755718.320770 5294.301820 0.336994 0.121667 -179.169362
3324c_2015_1004_11_0447_RGBN -70381.549190 -3755732.700200 5296.845850 -1.197496 0.503708 -179.231694
3324c_2015_1004_11_0448_RGBN -71734.699390 -3755726.755530 5291.449460 0.538656 -0.327106 -179.119462
3324c_2015_1004_11_0449_RGBN -73091.495780 -3755736.135610 5285.606060 -0.141295 -0.079041 -179.255640
3324c_2015_1004_11_0450_RGBN -74441.117610 -3755750.601890 5289.796540 1.035260 0.146613 -179.108230
3324c_2015_1004_11_0451_RGBN -75794.365680 -3755791.366700 5287.780760 -0.680705 -0.116526 -179.159094
3324c_2015_1004_11_0452_RGBN -76955.158780 -3755793.891660 5287.692890 -1.055153 0.049447 -179.135464
3324c_2015_1004_11_0453_RGBN -78113.240600 -3755805.598150 5292.828710 0.923205 0.148173 -179.038184
3324c_2015_1004_11_0454_RGBN -79272.155350 -3755826.942460 5296.065280 -1.047932 -0.004913 -179.120024
3324c_2015_1004_11_0455_RGBN -80429.244720 -3755820.752410 5293.592320 -1.188382 -0.213360 -179.161396
3324c_2015_1004_11_0456_RGBN -81587.135560 -3755800.417980 5295.566990 -0.460671 0.033710 -179.175901
3324c_2015_1004_11_0457_RGBN -82745.493490 -3755799.846810 5302.885270 1.252927 0.181588 -179.004583
3324c_2015_1004_11_0458_RGBN -83904.835440 -3755829.492360 5300.549400 0.615261 -0.213484 -179.074184
3324c_2015_1004_11_0459_RGBN -85060.465370 -3755858.199950 5291.849030 -0.348124 -0.242518 -179.162606
3324c_2015_1004_11_0460_RGBN -86217.724890 -3755877.477450 5287.450280 -0.513049 0.084153 -179.164905
3324c_2015_1004_11_0461_RGBN -87377.193370 -3755887.706710 5287.003130 -0.685880 0.206410 -179.144924
3324c_2015_1004_11_0462_RGBN -88532.812760 -3755894.728990 5285.080980 0.113721 0.035331 -179.099090
3324c_2015_1004_11_0463_RGBN -89691.469040 -3755909.242830 5284.065490 0.110699 0.353245 -179.118572
3324c_2015_1004_11_0464_RGBN -90848.918000 -3755926.671610 5283.690060 -0.418315 0.362473 -179.089559
3324c_2015_1004_11_0465_RGBN -92004.927770 -3755934.379150 5281.330540 0.144186 0.478726 -179.109714
3324c_2015_1004_11_0466_RGBN -93178.619800 -3755953.826940 5294.735710 0.150300 0.665172 -179.059083
3324c_2015_1004_11_0467_RGBN -94354.475680 -3755967.390320 5297.281890 -1.231846 0.137306 -179.101766
3324c_2015_1004_11_0468_RGBN -95602.943510 -3755967.820320 5291.247490 0.572324 -0.272057 -179.053242
3324c_2015_1004_12_0469_RGBN -95753.522410 -3760600.624550 5245.902380 0.602681 -0.183816 2.245423
3324c_2015_1004_12_0470_RGBN -94462.787510 -3760580.519670 5231.050170 0.140538 -0.078030 2.210629
3324c_2015_1004_12_0471_RGBN -93258.616750 -3760552.485900 5215.595460 0.223806 0.047981 2.122433
3324c_2015_1004_12_0472_RGBN -92056.929650 -3760537.595760 5225.913260 1.617414 -0.978102 2.088030
3324c_2015_1004_12_0473_RGBN -90854.305130 -3760551.057490 5222.018620 1.021589 -0.034123 1.996816
3324c_2015_1004_12_0474_RGBN -89654.952960 -3760562.526800 5208.340340 -0.575251 0.123011 2.031872
3324c_2015_1004_12_0475_RGBN -88455.480350 -3760555.930780 5224.261500 -0.630894 -0.953346 1.960930
3324c_2015_1004_12_0476_RGBN -87254.662820 -3760544.811430 5218.351280 0.285701 -0.168236 1.945518
3324c_2015_1004_12_0477_RGBN -86057.099540 -3760530.711170 5209.658090 -0.286463 0.138321 1.912755
3324c_2015_1004_12_0478_RGBN -84857.104000 -3760512.412850 5215.791230 -0.213549 -0.465099 1.964296
3324c_2015_1004_12_0479_RGBN -83658.601320 -3760489.701960 5214.405050 0.110471 -0.206535 1.959606
3324c_2015_1004_12_0480_RGBN -82464.108280 -3760468.564820 5210.315020 0.157254 0.137533 2.002572
3324c_2015_1004_12_0481_RGBN -81270.152200 -3760451.701720 5211.445230 0.181185 0.041138 1.975396
3324c_2015_1004_12_0482_RGBN -80077.147170 -3760435.609640 5208.955500 0.623357 -0.338491 2.001919
3324c_2015_1004_12_0483_RGBN -78881.256660 -3760436.261990 5220.348060 1.039602 -0.336397 2.040215
3324c_2015_1004_12_0484_RGBN -77687.465190 -3760432.670180 5222.116850 -0.918263 -0.298889 2.018391
3324c_2015_1004_12_0485_RGBN -76491.010320 -3760405.835480 5228.663310 -0.299377 -0.252930 2.038314
3324c_2015_1004_12_0486_RGBN -75295.257320 -3760390.011040 5227.562480 1.275618 0.372699 1.986736
3324c_2015_1004_12_0487_RGBN -74098.885400 -3760396.818940 5226.839350 0.415258 0.013584 1.978645
3324c_2015_1004_12_0488_RGBN -72904.683260 -3760398.748920 5235.550450 0.300677 -0.356395 2.063475
3324c_2015_1004_12_0489_RGBN -71710.882840 -3760399.882540 5235.273050 -0.505467 -0.008269 2.070082
3324c_2015_1004_12_0490_RGBN -70519.540910 -3760378.262820 5227.724410 -0.297763 0.105077 2.111392
3324c_2015_1004_12_0491_RGBN -69326.604850 -3760354.661850 5233.632220 0.486282 -0.266496 2.026960
3324c_2015_1004_12_0492_RGBN -67956.898430 -3760351.232170 5232.850880 0.047255 0.154283 2.054887
3324c_2015_1004_12_0493_RGBN -66596.884740 -3760328.213620 5230.535780 -0.771232 0.069421 2.091103
3324c_2015_1004_12_0494_RGBN -65233.778500 -3760308.245910 5229.923770 0.747611 0.178484 1.896659
3324c_2015_1004_12_0495_RGBN -63891.758590 -3760298.007790 5226.540520 0.301670 0.223495 1.807244
3324c_2015_1004_12_0496_RGBN -62550.719980 -3760287.012240 5227.126440 0.047298 0.144870 1.785703
3324c_2015_1004_12_0497_RGBN -61210.565320 -3760288.850460 5241.662420 1.241238 -0.391272 1.777312
3324c_2015_1004_12_0498_RGBN -59870.523840 -3760296.232870 5244.932420 -0.239190 0.158191 1.762847
3324c_2015_1004_12_0499_RGBN -58530.050130 -3760289.974440 5240.754180 0.183707 0.376776 1.851598
3324c_2015_1004_12_0500_RGBN -57190.331020 -3760282.231850 5246.745090 -0.524271 0.032166 1.868338
3324c_2015_1004_12_0501_RGBN -55850.025130 -3760258.113460 5239.275570 0.164160 0.642561 1.848450
3324c_2015_1004_12_0502_RGBN -54509.952530 -3760252.875940 5243.156760 0.640907 -0.048129 1.852068
3324c_2015_1004_12_0503_RGBN -53169.943460 -3760259.487970 5251.754080 0.778590 -0.334092 1.792796
3324c_2015_1004_12_0504_RGBN -51829.573980 -3760273.921870 5250.975060 -1.107339 0.042491 1.782807
3324c_2015_1004_12_0505_RGBN -50486.911620 -3760245.024390 5249.063080 -0.786039 0.100142 1.759993
3324c_2015_1004_12_0506_RGBN -49151.677490 -3760207.614040 5254.670670 -0.249090 -0.017048 1.822627
3324c_2015_1004_12_0507_RGBN -47813.778770 -3760194.626390 5259.209760 1.479986 0.072536 1.664115
3324c_2015_1004_12_0508_RGBN -46471.981880 -3760206.381270 5258.243820 0.623116 -0.062961 1.698039
3324c_2015_1004_12_0509_RGBN -45134.074250 -3760227.899690 5252.301060 0.086445 0.112543 1.741851
3324c_2015_1004_12_0510_RGBN -43795.994060 -3760217.542640 5238.984480 -1.058587 0.412260 1.806283
3324c_2015_1004_12_0511_RGBN -42454.628900 -3760191.712190 5246.959850 0.015000 -0.130990 1.842033
3324c_2015_1004_13_0512_RGBN -95504.447510 -3765612.208300 5125.905330 -1.723695 -0.468691 1.104254
3324c_2015_1004_13_0513_RGBN -94051.093660 -3765585.445890 5119.801810 0.549356 0.345269 0.939487
3324c_2015_1004_13_0514_RGBN -92597.106870 -3765573.879050 5111.676290 0.408054 0.813278 1.058495
3324c_2015_1004_13_0515_RGBN -91144.062360 -3765574.294720 5112.343590 -0.559927 0.135006 1.156881
3324c_2015_1004_13_0516_RGBN -89690.669490 -3765556.753060 5128.351390 0.721463 -0.320180 1.003593
3324c_2015_1004_13_0517_RGBN -88235.203830 -3765547.938210 5134.660960 -0.538514 -0.130040 0.987711
3324c_2015_1004_13_0518_RGBN -86776.808710 -3765532.572720 5131.071050 0.761493 0.121071 1.030164
3324c_2015_1004_13_0519_RGBN -85324.938600 -3765523.805860 5130.050690 0.388084 0.059816 0.908261
3324c_2015_1004_13_0520_RGBN -83866.885610 -3765525.068620 5131.993120 -0.417689 0.017274 0.966290
3324c_2015_1004_13_0521_RGBN -82416.709010 -3765519.004470 5143.002170 -0.343207 -0.237731 0.895381
3324c_2015_1004_13_0522_RGBN -80957.783180 -3765493.208610 5121.665330 -0.175251 0.810743 0.947305
3324c_2015_1004_13_0523_RGBN -79534.935640 -3765467.193250 5122.535510 -0.074792 0.030054 0.884750
3324c_2015_1004_13_0524_RGBN -78132.647000 -3765449.612680 5113.476350 0.536277 0.290786 1.081292
3324c_2015_1004_13_0525_RGBN -76732.727540 -3765424.537100 5112.933840 0.251330 -0.163746 0.991276
3324c_2015_1004_13_0526_RGBN -75358.886920 -3765417.195640 5116.705000 0.054400 -0.061317 0.890471
3324c_2015_1004_13_0527_RGBN -73980.858060 -3765410.012750 5102.089150 0.132034 0.437343 0.929205
3324c_2015_1004_13_0528_RGBN -72607.270320 -3765408.983000 5093.991430 0.513821 0.202451 0.768150
3324c_2015_1004_13_0529_RGBN -71230.157240 -3765404.409990 5086.716510 -0.162252 -0.056168 0.840109
3324c_2015_1004_13_0530_RGBN -69850.434510 -3765389.126730 5079.581280 0.108122 0.128498 0.844515
3324c_2015_1004_13_0531_RGBN -68474.098000 -3765378.630790 5075.793020 -0.463449 -0.188740 0.842916
3324c_2015_1004_13_0532_RGBN -67103.980650 -3765353.957080 5083.314290 0.182719 -0.509115 0.825813
3324c_2015_1004_13_0533_RGBN -65736.150110 -3765338.241170 5083.659750 0.221748 -0.141819 0.809569
3324c_2015_1004_13_0534_RGBN -64368.755570 -3765319.603210 5084.780380 0.289137 -0.232362 0.707566
3324c_2015_1004_13_0535_RGBN -63032.336180 -3765303.113090 5082.423530 0.454940 -0.099540 0.661826
3324c_2015_1004_13_0536_RGBN -61695.524210 -3765316.288760 5082.952920 0.664258 -0.105847 0.595666
3324c_2015_1004_13_0537_RGBN -60359.505970 -3765298.496470 5086.722020 0.135385 -0.117798 0.634621
3324c_2015_1004_13_0538_RGBN -59043.534110 -3765291.579850 5092.918680 0.559202 -0.134912 0.602400
3324c_2015_1004_13_0539_RGBN -57728.678510 -3765297.815620 5090.210830 -0.152702 -0.009990 0.604100
3324c_2015_1004_13_0540_RGBN -56413.070730 -3765294.433530 5093.824580 -0.264049 -0.027417 0.617085
3324c_2015_1004_13_0541_RGBN -55097.127850 -3765290.201660 5095.442410 1.396848 -0.334027 0.485011
3324c_2015_1004_13_0542_RGBN -53781.477120 -3765309.336820 5105.598750 -0.501161 -0.143754 0.565015
3324c_2015_1004_13_0543_RGBN -52466.319010 -3765299.487440 5105.432400 -0.178063 -0.040783 0.612508
3324c_2015_1004_13_0544_RGBN -51148.314830 -3765294.118120 5101.755850 0.176886 0.174130 0.440600
3324c_2015_1004_13_0545_RGBN -49831.319850 -3765281.846830 5102.365280 0.135440 0.038372 0.492455
3324c_2015_1004_13_0546_RGBN -48515.788290 -3765269.276080 5105.209420 -0.560124 -0.049437 0.554648
3324c_2015_1004_13_0547_RGBN -47199.922410 -3765250.299910 5118.171070 0.728996 -0.455180 0.420975
3324c_2015_1004_13_0548_RGBN -45882.061070 -3765245.959560 5111.308490 -0.166935 0.342628 0.532343
3324c_2015_1004_13_0549_RGBN -44563.308790 -3765227.603080 5109.027120 0.160577 0.221764 0.477476
3324c_2015_1004_13_0550_RGBN -43248.315720 -3765211.179370 5106.313570 0.189515 0.112128 0.478418
3324c_2015_1004_14_0551_RGBN -42797.396150 -3770275.910650 5098.517660 -0.125710 -0.484769 -179.337592
3324c_2015_1004_14_0552_RGBN -44181.028190 -3770293.772550 5090.155250 -0.843923 -0.331696 -179.421480
3324c_2015_1004_14_0553_RGBN -45573.974790 -3770308.385430 5084.709980 -0.263083 -0.157780 -179.330929
3324c_2015_1004_14_0554_RGBN -46960.579270 -3770306.519660 5094.666400 -0.786878 0.461538 -179.429119
3324c_2015_1004_14_0555_RGBN -48345.556160 -3770305.600070 5093.206920 0.154067 -0.140573 -179.384547
3324c_2015_1004_14_0556_RGBN -49774.699330 -3770308.080850 5092.113630 -0.068164 -0.092734 -179.250960
3324c_2015_1004_14_0557_RGBN -51197.719860 -3770321.503850 5089.826430 0.948657 -0.003217 -179.221673
3324c_2015_1004_14_0558_RGBN -52625.229870 -3770346.401710 5101.421130 -1.694809 0.752822 -179.287081
3324c_2015_1004_14_0559_RGBN -54057.414390 -3770341.400900 5105.791900 -0.335412 -0.001986 -179.346803
3324c_2015_1004_14_0560_RGBN -55528.682920 -3770340.743340 5095.581330 -0.059455 -0.453997 -179.263297
3324c_2015_1004_14_0561_RGBN -57007.034220 -3770357.410740 5098.854820 0.831390 0.438290 -179.217733
3324c_2015_1004_14_0562_RGBN -58487.712290 -3770374.437270 5106.929230 -1.521117 0.345754 -179.321938
3324c_2015_1004_14_0563_RGBN -59970.074710 -3770373.865210 5108.028580 -0.150655 -0.123038 -179.272339
3324c_2015_1004_14_0564_RGBN -61451.483050 -3770372.471760 5102.125800 0.209804 -0.333021 -179.187211
3324c_2015_1004_14_0565_RGBN -62932.013950 -3770382.629360 5114.046080 0.721413 0.546989 -179.175366
3324c_2015_1004_14_0566_RGBN -64411.875040 -3770408.045680 5120.369020 -0.261668 -0.022026 -179.275482
3324c_2015_1004_14_0567_RGBN -65890.298780 -3770418.083180 5114.120070 -0.304417 -0.309235 -179.142220
3324c_2015_1004_14_0568_RGBN -67369.887380 -3770433.270080 5107.167880 0.312103 -0.227683 -179.106046
3324c_2015_1004_14_0569_RGBN -68845.971040 -3770440.095370 5108.345830 -0.516645 0.131531 -179.224879
3324c_2015_1004_14_0570_RGBN -70323.239810 -3770440.217950 5100.749600 -0.811484 -0.309999 -179.268266
3324c_2015_1004_14_0571_RGBN -71800.576430 -3770441.692150 5098.798510 0.209175 0.076693 -179.312449
3324c_2015_1004_14_0572_RGBN -73278.533500 -3770469.108580 5098.090990 0.446451 -0.010108 -179.316809
3324c_2015_1004_14_0573_RGBN -74757.077020 -3770483.247100 5098.457070 -0.877804 0.013607 -179.345402
3324c_2015_1004_14_0574_RGBN -76236.965870 -3770500.098430 5097.441490 0.289391 -0.023079 -179.200886
3324c_2015_1004_14_0575_RGBN -77712.730270 -3770515.159060 5111.633370 -0.736664 0.676314 -179.204511
3324c_2015_1004_14_0576_RGBN -79192.405680 -3770519.437900 5111.416070 -0.339692 -0.208608 -179.256442
3324c_2015_1004_14_0577_RGBN -80672.612420 -3770534.100760 5100.832380 0.340751 -0.505629 -179.194111
3324c_2015_1004_14_0578_RGBN -82153.431290 -3770552.477280 5097.583090 -0.411243 -0.108771 -179.188311
3324c_2015_1004_14_0579_RGBN -83633.945940 -3770564.627690 5093.214760 -0.219183 0.042790 -179.201176
3324c_2015_1004_14_0580_RGBN -85112.428650 -3770573.379360 5103.232250 -0.425211 0.421400 -179.189417
3324c_2015_1004_14_0581_RGBN -86591.566220 -3770574.113880 5107.592190 0.382456 0.285742 -179.129887
3324c_2015_1004_14_0582_RGBN -88082.263740 -3770596.298510 5110.493980 -0.125318 0.117157 -179.201009
3324c_2015_1004_14_0583_RGBN -89573.573670 -3770597.150530 5114.789270 0.012163 0.358258 -179.100436
3324c_2015_1004_14_0584_RGBN -91065.304800 -3770617.306330 5122.983120 -0.354021 0.041144 -179.184252
3324c_2015_1004_14_0585_RGBN -92557.582700 -3770626.152620 5120.446760 0.270280 -0.377950 -179.045326
3324c_2015_1004_14_0586_RGBN -94049.369260 -3770652.236610 5120.377030 0.511625 -0.074195 -179.027218
3324c_2015_1004_15_0588_RGBN -69546.201780 -3775709.263780 5085.706680 -0.092299 0.307790 0.928607
3324c_2015_1004_15_0589_RGBN -68025.755770 -3775687.170910 5094.567680 -0.538040 -0.594121 1.008454
3324c_2015_1004_15_0590_RGBN -66506.330090 -3775662.977390 5090.084950 1.056974 -0.001262 0.897762
3324c_2015_1004_15_0591_RGBN -64987.052540 -3775674.411740 5085.728340 0.861112 -0.007987 0.895668
3324c_2015_1004_15_0592_RGBN -63492.950540 -3775670.684450 5091.752370 -0.226011 -0.336325 1.020801
3324c_2015_1004_15_0593_RGBN -62001.970720 -3775657.513780 5085.460910 -1.078084 0.072708 1.085971
3324c_2015_1004_15_0594_RGBN -60508.020540 -3775652.666620 5090.925090 -0.773539 -0.198543 1.101633
3324c_2015_1004_15_0595_RGBN -59014.340380 -3775631.023130 5086.387440 0.306855 0.175020 1.042708
3324c_2015_1004_15_0596_RGBN -57516.898140 -3775627.183790 5095.861690 0.208532 -0.204363 1.017818
3324c_2015_1004_15_0597_RGBN -56025.331140 -3775611.358860 5096.756020 -0.063757 0.049299 1.160248
3324c_2015_1004_15_0598_RGBN -54526.586720 -3775603.093870 5103.224920 -0.464207 -0.222261 1.149279
3324c_2015_1004_15_0599_RGBN -53037.496840 -3775587.423570 5103.730700 0.478340 0.036309 1.186202
3324c_2015_1004_15_0600_RGBN -51561.281360 -3775591.131520 5098.912660 -0.457404 0.183231 1.131490
3324c_2015_1004_15_0601_RGBN -50086.128190 -3775577.319650 5104.775260 -0.206618 -0.306085 1.159904
3324c_2015_1004_15_0602_RGBN -48607.812910 -3775556.530380 5109.835000 1.208223 0.134140 1.072383
3324c_2015_1004_15_0603_RGBN -47136.149960 -3775559.124990 5108.551830 0.584412 0.049696 1.073051
3324c_2015_1004_15_0604_RGBN -45660.950120 -3775556.908430 5103.580680 -0.115909 0.208178 1.194302
3324c_2015_1004_15_0605_RGBN -44183.841340 -3775540.831000 5102.077500 0.801547 -0.015132 1.124717
3324c_2015_1004_15_0606_RGBN -42706.503920 -3775541.531890 5108.321290 0.305495 -0.290124 1.040857
3324c_2015_1004_16_0607_RGBN -42764.350300 -3780389.964530 5104.296590 -1.429976 0.745132 -179.190589
3324c_2015_1004_16_0608_RGBN -44270.776500 -3780404.706070 5126.056490 -1.134311 0.601769 -179.127944
3324c_2015_1004_16_0609_RGBN -45770.500050 -3780397.606890 5114.078470 -0.214646 -0.432753 -179.097504
3324c_2015_1004_16_0610_RGBN -47275.098530 -3780397.286290 5119.399770 1.115484 0.361265 -179.092372
3324c_2015_1004_16_0611_RGBN -48773.912590 -3780423.989170 5122.803420 0.006425 0.136501 -179.135618
3324c_2015_1004_16_0612_RGBN -50272.541840 -3780429.607130 5116.769080 -0.944627 -0.404977 -179.191913
3324c_2015_1004_16_0613_RGBN -51758.564930 -3780430.113430 5111.831480 0.254880 -0.262273 -179.055977
3324c_2015_1004_16_0614_RGBN -53237.054110 -3780450.628740 5108.504700 0.100718 0.000661 -178.973644
3324c_2015_1004_17_0617_RGBN -92365.181650 -3769524.216810 5294.631720 -0.769100 0.742773 91.160194
3324c_2015_1004_17_0618_RGBN -92364.964000 -3768002.828050 5281.942740 -0.313946 0.879399 91.222775
3324c_2015_1004_17_0619_RGBN -92318.232200 -3766480.023170 5311.357270 0.435611 -3.160387 91.225400
3324c_2015_1004_17_0620_RGBN -92356.069270 -3764958.327890 5305.866800 -0.829822 -0.477893 91.329833
3324c_2015_1004_17_0621_RGBN -92386.758720 -3763435.294260 5280.228350 -0.798094 -0.269824 91.233019
3324c_2015_1004_17_0622_RGBN -92406.406600 -3761912.642450 5271.227440 -0.144036 0.992504 91.187188
3324c_2015_1004_17_0623_RGBN -92428.135540 -3760388.924190 5258.835360 -0.472350 -0.016266 91.196345
3324c_2015_1004_17_0624_RGBN -92439.796100 -3758865.557940 5242.337680 -0.398493 1.081528 91.188598
3324c_2015_1004_17_0625_RGBN -92444.663410 -3757340.543910 5259.780330 0.910110 -0.999821 91.164427
3324c_2015_1004_17_0626_RGBN -92474.684410 -3755817.243100 5280.621380 0.683185 0.641163 91.159518
3324c_2015_1004_17_0627_RGBN -92470.552770 -3754292.350220 5280.417890 -0.170213 1.096115 91.171006
3324c_2015_1004_17_0628_RGBN -92457.727860 -3752767.315290 5277.192030 -0.270994 -0.164482 91.231873
3324c_2015_1004_17_0629_RGBN -92465.743140 -3751245.811240 5271.396020 -0.421418 -0.567497 91.296333
3324c_2015_1004_17_0630_RGBN -92487.365080 -3749722.171120 5269.788260 -0.223945 0.118350 91.152923
3324c_2015_1004_17_0631_RGBN -92522.261300 -3748199.724370 5268.604540 -0.235551 -0.528528 91.180812
3324c_2015_1004_17_0632_RGBN -92560.736040 -3746673.907450 5264.505060 -0.030624 0.799301 91.096872
3324c_2015_1004_17_0633_RGBN -92575.688970 -3745148.967210 5271.018580 0.279122 0.398702 91.169825
3324c_2015_1004_17_0634_RGBN -92596.276720 -3743621.175880 5268.915930 -0.108326 0.066428 91.115567
3324c_2015_1004_17_0635_RGBN -92602.477110 -3742094.742360 5272.321970 0.050633 0.083996 91.184759
3324c_2015_1004_17_0636_RGBN -92622.100530 -3740567.019290 5269.421840 -0.115297 -0.431455 91.187426
3324c_2015_1004_17_0637_RGBN -92647.149460 -3739043.135810 5271.636980 0.031351 0.295338 91.104775
3324c_2015_1004_17_0638_RGBN -92660.656080 -3737519.106830 5273.200570 0.079715 0.407007 91.027352
3324c_2015_1004_17_0639_RGBN -92669.467930 -3735996.552260 5264.152840 -0.300496 0.179784 91.216985
3324c_2015_1004_17_0640_RGBN -92689.487920 -3734475.763970 5262.990360 0.034810 -0.006164 91.097388
3324c_2015_1004_17_0641_RGBN -92703.677730 -3732951.365870 5269.610400 0.147803 0.418846 91.100509
3324c_2015_1004_17_0642_RGBN -92722.057690 -3731434.397780 5271.766430 -0.017832 0.111784 91.178091
3324c_2015_1004_17_0643_RGBN -92735.000600 -3729909.638000 5271.514750 -0.208641 0.147136 91.111173
3324c_2015_1004_17_0644_RGBN -92741.474410 -3728392.325190 5267.458620 -0.181400 0.589831 90.990539
3324c_2015_1004_17_0645_RGBN -92755.919700 -3726865.895080 5273.612080 0.081106 -0.464747 91.208356
3324c_2015_1004_17_0646_RGBN -92769.104040 -3725343.454050 5276.609510 -0.044282 0.697865 91.020500
3324c_2015_1004_17_0647_RGBN -92770.044660 -3723824.028540 5278.411880 -0.048590 -1.015696 91.134995
3324c_2015_1004_17_0648_RGBN -92799.046840 -3722297.084110 5296.028610 0.556786 -0.222126 91.075209
3324c_2015_1004_17_0649_RGBN -92827.057410 -3720773.303990 5305.533450 0.134744 1.108230 91.130198
3324c_2015_1004_17_0650_RGBN -92835.785460 -3719247.133920 5301.461670 -0.338761 0.324992 91.060022
3324c_2015_1004_17_0651_RGBN -92839.680400 -3717726.959080 5305.186040 -0.079915 0.298489 91.005056
3324c_2015_1004_17_0652_RGBN -92854.880860 -3716205.114860 5305.063160 -0.248235 -0.540533 91.074508
3324c_2015_1004_17_0653_RGBN -92881.139630 -3714680.066620 5308.486580 -0.135972 0.536514 91.006122
3324c_2015_1004_17_0654_RGBN -92881.189880 -3713156.954150 5313.632040 0.060234 1.003046 91.001394
3324c_2015_1004_17_0655_RGBN -92882.932280 -3711632.725540 5299.636190 -0.694038 -0.682999 91.114197
3324c_2015_1004_17_0656_RGBN -92903.661390 -3710107.079880 5275.052360 -0.624966 0.745575 91.047252
3324c_2015_1004_17_0657_RGBN -92913.288990 -3708585.834640 5268.964600 0.292561 -0.459858 91.092271
3324c_2015_1004_17_0658_RGBN -92941.729150 -3707060.745460 5281.484210 0.589161 0.016895 91.067495
3324c_2015_1004_17_0659_RGBN -92974.217880 -3705536.439580 5291.093610 0.325315 -0.881718 91.206179
3324c_2015_1004_18_0660_RGBN -46452.719330 -3705156.162570 5280.097130 0.029858 -2.600515 -89.086246
3324c_2015_1004_18_0661_RGBN -46456.155310 -3706678.525510 5285.929500 -0.376622 0.129681 -89.021416
3324c_2015_1004_18_0662_RGBN -46446.017300 -3708194.716550 5282.763750 -0.248219 0.440234 -89.136011
3324c_2015_1004_18_0663_RGBN -46443.695990 -3709709.033890 5279.095480 -0.154359 -0.283653 -89.051771
3324c_2015_1004_18_0664_RGBN -46436.042880 -3711224.479270 5283.541570 -0.387203 -0.085415 -89.179348
3324c_2015_1004_18_0665_RGBN -46435.934660 -3712737.470070 5283.597040 -0.007905 -0.523291 -89.161786
3324c_2015_1004_18_0666_RGBN -46443.800730 -3714253.326870 5283.405330 -0.038446 0.416515 -89.229968
3324c_2015_1004_18_0667_RGBN -46429.058920 -3715771.435970 5272.571510 0.265255 0.670519 -89.064916
3324c_2015_1004_18_0668_RGBN -46417.126900 -3717287.739510 5276.168750 -0.303085 -0.719143 -89.030094
3324c_2015_1004_18_0669_RGBN -46413.445370 -3718806.632270 5279.863770 -0.055740 -0.314805 -89.036436
3324c_2015_1004_18_0670_RGBN -46413.267190 -3720324.804140 5276.011210 0.032003 -0.726461 -89.057006
3324c_2015_1004_18_0671_RGBN -46421.604010 -3721844.181070 5273.444100 0.089797 -0.388430 -88.984198
3324c_2015_1004_18_0672_RGBN -46426.671990 -3723364.971120 5271.121700 -0.067834 1.257541 -88.951951
3324c_2015_1004_18_0673_RGBN -46389.982150 -3724884.174690 5265.845020 0.138313 0.580839 -88.886856
3324c_2015_1004_18_0674_RGBN -46360.178810 -3726402.016740 5273.591810 -0.410317 -0.665153 -88.915864
3324c_2015_1004_18_0675_RGBN -46351.645940 -3727920.241500 5271.272060 0.131102 -0.775275 -88.949421
3324c_2015_1004_18_0676_RGBN -46355.673940 -3729434.990960 5270.821650 -0.249759 -0.323457 -88.990416
3324c_2015_1004_18_0677_RGBN -46357.865670 -3730953.060780 5273.384400 -0.201072 0.056728 -88.994537
3324c_2015_1004_18_0678_RGBN -46349.696980 -3732472.513400 5263.235770 0.243093 0.134010 -89.007926
3324c_2015_1004_18_0679_RGBN -46342.011890 -3733990.706380 5280.542470 -0.694341 0.478523 -88.985035
3324c_2015_1004_18_0680_RGBN -46334.829030 -3735512.141120 5278.389550 0.151165 -0.797809 -88.949286
3324c_2015_1004_18_0681_RGBN -46348.696920 -3737030.367210 5259.858930 0.524481 0.932576 -88.954063
3324c_2015_1004_18_0682_RGBN -46340.241810 -3738550.552820 5285.600710 -0.823666 0.094012 -89.011710
3324c_2015_1004_18_0683_RGBN -46318.472600 -3740069.909240 5286.382440 0.188046 -0.411498 -89.039649
3324c_2015_1004_18_0684_RGBN -46312.701250 -3741587.581610 5280.974530 0.165759 -0.636670 -89.091869
3324c_2015_1004_18_0685_RGBN -46295.275020 -3743107.538480 5274.785640 0.193964 0.395684 -89.000093
3324c_2015_1004_18_0686_RGBN -46270.215190 -3744626.585650 5277.458460 0.141798 -0.798763 -89.052834
3324c_2015_1004_18_0687_RGBN -46278.178490 -3746146.341600 5277.295720 -0.035917 -0.172252 -88.999582
3324c_2015_1004_18_0688_RGBN -46266.451020 -3747666.339950 5277.000030 -0.109950 0.820892 -88.853295
3324c_2015_1004_18_0689_RGBN -46251.826320 -3749183.590560 5266.641820 0.405664 -0.797966 -88.990406
3324c_2015_1004_18_0690_RGBN -46264.623720 -3750701.124060 5262.978290 -0.223598 -0.291385 -89.023395
3324c_2015_1004_18_0691_RGBN -46250.729150 -3752220.052870 5269.238660 -0.366477 1.554911 -88.900487
3324c_2015_1004_18_0692_RGBN -46230.045380 -3753741.910550 5274.769430 -0.257896 -1.438712 -88.987304
3324c_2015_1004_18_0693_RGBN -46236.311230 -3755257.883720 5280.470660 -0.250751 -0.230139 -88.858990
3324c_2015_1004_18_0694_RGBN -46227.707600 -3756778.485890 5264.213100 0.696490 0.522498 -88.947734
3324c_2015_1004_18_0695_RGBN -46228.892580 -3758298.832300 5273.987430 -0.564617 -0.933533 -88.964681
3324c_2015_1004_18_0696_RGBN -46225.599630 -3759817.851910 5298.462920 -0.868144 1.109060 -88.964001
3324c_2015_1004_18_0697_RGBN -46211.839990 -3761333.806070 5298.326710 0.121734 0.178780 -88.817719
3324c_2015_1004_18_0698_RGBN -46194.744400 -3762847.633350 5305.465980 -0.037433 -0.621050 -88.811683
3324c_2015_1004_18_0699_RGBN -46199.740670 -3764365.925480 5285.672900 0.903839 0.464363 -88.731518
3324c_2015_1004_18_0700_RGBN -46182.008680 -3765880.653000 5265.425070 0.591486 -0.118823 -88.749926
3324c_2015_1004_18_0701_RGBN -46162.270790 -3767396.663780 5276.163130 -0.515736 0.333554 -88.828083
3324c_2015_1004_18_0702_RGBN -46154.054630 -3768916.050220 5280.954440 -0.166777 -0.736365 -88.883304
3324c_2015_1004_18_0703_RGBN -46143.335860 -3770435.880210 5268.906810 0.453553 -1.040944 -88.930636
3324c_2015_1004_18_0704_RGBN -46154.974770 -3771954.848300 5265.042220 -0.220208 0.367572 -88.878439
3324c_2015_1004_18_0705_RGBN -46139.231680 -3773475.439240 5259.092560 0.057402 1.669984 -88.880333
3324c_2015_1004_18_0706_RGBN -46084.847460 -3774993.994700 5241.278670 0.478625 -0.830548 -88.971043
3324c_2015_1004_18_0707_RGBN -46074.590010 -3776515.103980 5263.448800 -0.498582 -2.027038 -89.066876
3324c_2015_1004_18_0708_RGBN -46087.436270 -3778035.356880 5259.672450 0.143373 0.535217 -88.935187
3324c_2015_1004_18_0709_RGBN -46095.343760 -3779557.590800 5256.459410 0.057105 0.179628 -88.853947
3324c_2015_1004_18_0710_RGBN -46073.500190 -3781078.040150 5251.581110 -0.139865 -0.333733 -88.933812
3324c_2015_1004_18_0711_RGBN -46074.757000 -3782597.627100 5258.405070 -0.194825 -0.082619 -88.962536
3324c_2015_1004_18_0712_RGBN -46069.310220 -3784114.234540 5251.388100 0.115137 0.465592 -88.819051
3324c_2015_1004_19_0714_RGBN -51188.861290 -3774898.037900 5080.790340 -1.256618 0.690792 167.456544
3324c_2015_1004_19_0715_RGBN -52661.355710 -3774532.840590 5068.609660 0.027368 -0.477293 167.473864
3324c_2015_1004_19_0716_RGBN -54136.524180 -3774191.014750 5061.999650 1.158525 -0.395854 167.454630
3324c_2015_1004_19_0717_RGBN -55615.409710 -3773876.012360 5074.916610 1.164141 0.152704 167.552832
3324c_2015_1004_19_0718_RGBN -57097.588810 -3773562.116580 5069.201000 -1.723944 0.180945 167.347786
3324c_2015_1004_19_0719_RGBN -58570.218210 -3773221.062300 5067.117830 -0.844685 0.057235 167.406460
3324c_2015_1004_19_0720_RGBN -60042.395100 -3772864.115400 5063.970830 0.231595 -0.129748 167.426190
3324c_2015_1004_19_0721_RGBN -61516.037530 -3772511.936320 5065.475630 -0.322547 0.135819 167.333555
3324c_2015_1004_19_0722_RGBN -62992.594330 -3772176.756380 5082.632420 0.300582 0.370675 167.241369
3324c_2015_1004_19_0723_RGBN -64466.044940 -3771829.258810 5082.390510 -0.261315 0.197219 167.361508
3324c_2015_1004_19_0724_RGBN -65941.386050 -3771490.966490 5075.982830 0.673269 -0.372522 167.346614
3324c_2015_1004_19_0725_RGBN -67420.590180 -3771175.242070 5071.128210 -0.816042 0.023281 167.244576
3324c_2015_1004_19_0726_RGBN -68893.946680 -3770823.521260 5066.010070 -1.207495 0.145730 167.189043
3324c_2015_1004_19_0727_RGBN -70366.601910 -3770470.841250 5065.782850 0.484802 -0.103475 167.330520
3324c_2015_1004_19_0728_RGBN -71843.829490 -3770138.261920 5064.546300 0.414485 -0.103561 167.582900
3324c_2015_1004_19_0729_RGBN -73329.720800 -3769813.112610 5062.612090 -0.453118 0.036499 167.507761
3324c_2015_1004_19_0730_RGBN -74797.421890 -3769475.086110 5067.224650 -0.304022 0.277350 167.380436
3324c_2015_1004_19_0731_RGBN -76276.199210 -3769134.587610 5073.221950 0.455139 0.127791 167.521262
3324c_2015_1004_19_0732_RGBN -77755.531870 -3768805.812980 5072.113060 0.065248 0.022451 167.471358
3324c_2015_1004_19_0733_RGBN -79228.489630 -3768469.407270 5069.709050 -0.766428 0.281726 167.409726
3324c_2015_1004_19_0734_RGBN -80705.563130 -3768135.106630 5073.151310 0.197346 0.185288 167.497290
3324c_2015_1004_19_0735_RGBN -82179.447670 -3767804.772000 5083.839710 0.126524 0.375876 167.503832
3324c_2015_1004_19_0736_RGBN -83657.001920 -3767472.423190 5093.505560 -0.568254 0.448205 167.418586
3324c_2015_1004_19_0737_RGBN -85130.086910 -3767127.225550 5096.315270 0.179279 0.051383 167.489110
3324c_2015_1004_19_0738_RGBN -86606.629230 -3766792.572180 5101.115660 -0.039444 0.137783 167.403488
3324c_2015_1004_19_0739_RGBN -88084.511040 -3766465.870540 5101.021240 -0.005432 -0.037702 167.512269
3324c_2015_1004_19_0740_RGBN -89561.107650 -3766142.887320 5106.051530 -0.783869 0.302512 167.464020
3324c_2015_1004_19_0741_RGBN -91036.260400 -3765797.645770 5096.671640 0.534360 -0.451581 167.445554
3324c_2015_1004_19_0742_RGBN -92512.092070 -3765468.528670 5087.341750 -0.553116 -0.262875 167.356484
3324c_2015_1004_19_0743_RGBN -93987.448590 -3765123.451470 5089.532820 -0.229885 0.143202 167.416780
3324c_2015_1004_19_0744_RGBN -95463.155980 -3764785.912830 5095.686800 0.443681 0.102733 167.361438
3324c_2015_1004_20_0745_RGBN -42965.521020 -3781874.651910 5084.566770 0.463610 0.363941 148.801881
3324c_2015_1004_20_0746_RGBN -44232.670800 -3781090.519610 5101.324090 0.051819 0.663781 148.731193
3324c_2015_1004_20_0747_RGBN -45498.546900 -3780302.067980 5100.559150 -0.470705 0.367259 148.649654
3324c_2015_1004_20_0748_RGBN -46758.277370 -3779498.535070 5098.878340 -0.020716 0.074205 148.718115
3324c_2015_1004_20_0749_RGBN -48025.455850 -3778713.054990 5096.575180 0.455412 -0.321053 148.831666
3324c_2015_1004_20_0750_RGBN -49295.810890 -3777941.563770 5092.543490 0.013139 -0.244660 148.793805
3324c_2015_1004_20_0751_RGBN -50566.321030 -3777173.411880 5090.013890 -0.472237 0.318600 148.720048
3324c_2015_1004_20_0752_RGBN -51834.298340 -3776395.237680 5104.798970 0.122849 0.479376 148.764619
3324c_2015_1004_20_0753_RGBN -53097.421330 -3775604.884320 5112.608340 -1.416055 1.142915 148.780582
3324c_2015_1004_20_0754_RGBN -54356.855180 -3774803.159360 5096.402930 0.746693 -1.174169 148.858746
3324c_2015_1004_20_0755_RGBN -55628.145340 -3774031.808830 5092.505550 -0.154542 -0.008193 148.806073
3324c_2015_1004_20_0756_RGBN -56893.840870 -3773246.543710 5089.287670 -0.206057 0.016070 148.808153
3324c_2015_1004_20_0757_RGBN -58168.098220 -3772469.340030 5090.077270 -0.499084 0.221670 148.747574
3324c_2015_1004_20_0758_RGBN -59432.313000 -3771683.429610 5088.095670 -0.597470 0.347407 148.773740
