MAPUNITS=UTM    34 J D000
   G0001     2137.436388358     4440.463321046   561559.741250000  6290689.942750300      298.790000000 
   G0002     1285.514988073     2227.510847758   558711.506000000  6314419.197250400      431.253000000 
   G0003     1326.147773056     2105.872844678   559429.343750000  6315479.398000400      377.342000000 
   G0004      232.480289406     2179.460256613   548114.496500000  6317779.102750400      726.982000000 
   G0005     5096.414524676     4658.441168291   590828.029250100  6280503.394000300      249.160000000 
   G0006     5200.464833885     3484.542951523   594971.371250200  6291557.095750400      378.811000000 
   G0007     5914.538561751     1821.546995754   606513.002750400  6305673.322000400      721.647000000 
   G0008     5431.426140675     2053.526339756   601094.546000300  6304733.073250400      746.992000000 
   G0009     5484.514583110     1988.570532356   601796.140250300  6305213.506000400      788.805000000 
   G0010     3106.471348350      790.448135119   580997.588000100  6323288.148250400      500.000000000 
   G0011      593.314609880      450.434515000   556282.165625000  6333511.869625400      425.000000000 
   G0012     1105.515548056      225.535473335   562129.513250000  6334251.886000400      483.185000000 
   G0013     4421.454599177      124.541722577   596005.957250200  6326115.142000401      571.000000000 
   G0014     4552.580773518      386.473132086   596636.017625200  6323236.918750400      613.389000000 
   G0015     4765.010492391       52.028289087   599640.128000200  6325886.483500400      584.287000000 
   G0016     2803.472290987     2274.487460458   574085.354000000  6309761.686000400      713.822000000 
   G0017     3000.446361740     2184.511933000   576315.086750000  6310089.055000400      715.894000000 
   G0018     3606.406501900     3016.487234637   580222.585625100  6300396.995875400      586.854000000 
   G0019     3745.887080631     3038.245242383   581561.737250100  6299811.917500400      534.235000000 
   G0020     2878.775854184     5444.991159426   566432.166500000  6278945.892250300      201.000000000 
   G0021     2773.510358883     5103.386460130   566263.484000000  6282533.831500300      220.510000000 
   G0022      770.845703146     4232.986596369   548212.582250000  6296450.762500300      528.331000000